path,sha256,size
Model/GiftCardProductTypeResolver.php,d6f9924a1b1c3bc3253cb48d1e9437a7c80df00baca18cd0f3444179189aafc2,581
Model/Plugin/CollectionProcessorInterfacePlugin.php,0dd71b3764d5c1ddbdc4053a3d88d60e0eb0e7b5d0298faedeb79053963ce204,1443
Model/Resolver/GiftCardCartItem/GiftCardAmount.php,0b564e9e8b9be1b5da0de60041e7b4b1d12b1e4e8ac761f8381cd2d1a9f2c175,1472
Model/Resolver/GiftCardCartItem/Message.php,f61cd009c4f758b955bd892124c189c92f5c5e91db2fbdb3d144292538f27c29,1167
Model/Resolver/GiftCardCartItem/RecipientEmail.php,e4748dd81d0f7a548f6187fec6cf972680a557d730684ed0e568ed93b16026c2,1190
Model/Resolver/GiftCardCartItem/RecipientName.php,a2ada0b15ab688f9e1af6cf02cc4f6e9988655520d86df1811047e7d740b4dba,1188
Model/Resolver/GiftCardCartItem/SenderEmail.php,d1655fa3c5f88d457d8e106924dc8403f942564216b9bf9d24ff042f5a5778f6,1181
Model/Resolver/GiftCardCartItem/SenderName.php,611779b03ec82872bd80799014ca4750d50786af813b23611ae356dc70dfba05,1179
Model/Resolver/GiftCardWishlistItem/GiftCardOptions.php,1539048e20de96803e140dcf78878919c5110388b61d4e55cab83691623d797d,3492
Model/Resolver/Order/Item/GiftCard.php,a891c78bb1886a527185562690ee70dd132a6fef36cc145019606ce178b78e73,3005
Model/Resolver/Product/ConfigAttributes.php,7e7357772a53d6936fe459990f747b2c588b6765b68cfe0074ced9223e97bf89,2934
Model/Resolver/Product/GiftCard.php,27b53fa17fbf5a9bda06b6a1579d15d854aff16bcba6e45f0f79a4eceaa70f74,1688
Model/Resolver/Product/MessageMaxLength.php,0f107752d65488ae4588c01a87b41020097eda8ce02179c3bf438cac2cf58db7,1825
Model/Resolver/Product/Options/GiftCardAmountUid.php,cc8c795a010683a53ef1da68b25ef632b5d31e1349787295fee5dedd5c13d21e,1542
Model/Resolver/Product/Options/GiftCardOptions.php,348d6647a88d6130ae7935b8b05ce38330fdde2ca1f14963633e43de8a86e8be,6777
README.md,7002692a38c8b0017c7d630cadcc145cdfbefc72cffed2699addd5d9ca1b9923,143
Test/Mftf/README.md,c0ed1bff231aadaa1cdd97874395bc836d43095983a7315b0b52f2bb9414893f,109
composer.json,2de4f826718370555d4af32041ff25f4844a236e011f3b96a86c28f4901929cc,939
etc/di.xml,cf791cd513032b8e70cc08b974bd96431a63f67d91031a7de8ce4ee455ee4e99,580
etc/graphql/di.xml,81f4b2a0f2e0c930f0c5313c36fbea2356e857cff8823dd249d98b476a0477dd,4440
etc/module.xml,749ad710389c0d833bc8199fd50c42c67f5ad929656e6c0b6d76c033d177b764,657
etc/schema.graphqls,9536a37da62ddf83174af04adde239932cf5f992ad6f5d3fc8a7ed15cd02eb70,6974
registration.php,94f6440186b1253fbaf277ea18852c37fe4b4d185bbc1e76bde8819e9b172319,253
