path,sha256,size
Api/CreditmemoCommentRepositoryInterface.php,ab5e933ac2d8a913184cd04fcbfc9e7ef60917955e0769a43db760de6d9385d5,2192
Api/CreditmemoItemRepositoryInterface.php,a5c2c2e0e971245b786071a524e42fde94364c8e2f458fac5ef4e8cb367bc939,2039
Api/CreditmemoManagementInterface.php,5a5489f2df8df6a0500f4179e3aae5c541b1547598ca575bc26281415cf4338e,1605
Api/CreditmemoRepositoryInterface.php,ad4940952ce5e82e416a18814e460b23eb23029ddd1cd09d75905b4f59d2a2d9,2238
Api/Data/CommentInterface.php,e1d9493edd1115c2d59db69c20029470f991e3d36d11f98e0fed01b851669ee0,1165
Api/Data/CreditmemoCommentCreationInterface.php,72b8231ff60eb37fe325f7d8eb2cf10cbd39f4488e7cf4ec6f66f7f1223030a2,990
Api/Data/CreditmemoCommentInterface.php,230adbb0c3d93bda6d1685105c2a3a8e0f7baba0254b576486aad1be0e8d044d,3868
Api/Data/CreditmemoCommentSearchResultInterface.php,488ec92812c727a1c4bd0d4c7fa5d6506fd3a41b3ef14be6de7843f04a3de7e9,1118
Api/Data/CreditmemoCreationArgumentsInterface.php,467d1f9cda4026ac020a80c6e5e552f45aae61c939927d353b265c113b5469d9,2030
Api/Data/CreditmemoInterface.php,5c1a55d5473c0da413a9f56658d2e625fbcdca96fa897ee5ef9e60fcced70b5a,23379
Api/Data/CreditmemoItemCreationInterface.php,41b61ed919b8920e94c34adbe752732d7b957902d427917273eb043bc0719284,973
Api/Data/CreditmemoItemInterface.php,6fc7c523a447be2ab0ded964c3b7dc6a8c254634b13a0745b20f26741f325297,15898
Api/Data/CreditmemoItemSearchResultInterface.php,ecba329675a395c5bab0eca6d0169467033d13c2b2b01dc9d2e4934b10f5691f,1079
Api/Data/CreditmemoSearchResultInterface.php,0225be5c4e2fa7a5ad7bc281756350871ef947d83100985a08d3a0d7d043762e,976
Api/Data/EntityInterface.php,0dc6aeadb0891b98f4209c342f271349e8c33cf6a38d6e0d4a8f71ebadfdfb77,1092
Api/Data/InvoiceCommentCreationInterface.php,545f4dbaa6f17302fa8a81bfa5f9b534177fc81d3e1d79126e3f9ac1283e0a59,976
Api/Data/InvoiceCommentInterface.php,4add0a73473105d34fad3892c002e5f7a257dd354424498bb1ec6c4125eb9d91,1999
Api/Data/InvoiceCommentSearchResultInterface.php,656a98aad569a9276851094d5c12f356acf476c3c1898345e13242df059b2de8,826
Api/Data/InvoiceCreationArgumentsInterface.php,3b2e86f0e8175c15be4711daa7395a29b995b94ae4d1b6e7264c1720f36012d1,907
Api/Data/InvoiceInterface.php,79ae7102a4f9fee3e7408cbc784915a69e230cef2db97795d197d76f3a65e31a,21089
Api/Data/InvoiceItemCreationInterface.php,f1e744d6ffb2c9ca80f3380136ccae88bfff225b890863d4db2027070575ee21,1004
Api/Data/InvoiceItemInterface.php,5b6af9f13887469e9541eddbebe061b58e2ae72b4161a55732b3617bed1aac27,10462
Api/Data/InvoiceItemSearchResultInterface.php,ab7cf1c046df4f6b124ccf2dfd685e448cdc9c5030d76a2d248dddcd3536d3a7,797
Api/Data/InvoiceSearchResultInterface.php,9a6052f6530862058b39e44c965a1ca5ab7d1daccfdb1c2f3990a23c68095ee2,729
Api/Data/LineItemInterface.php,22a426a4d21cc74204d01a9200872cb6d151175515bc8694f96f5c2aed31703b,934
Api/Data/OrderAddressInterface.php,479741340968ca1391925ca756fcd674a237cde7919b601f6ce4780532fb6295,11302
Api/Data/OrderAddressSearchResultInterface.php,dab004df0afa53f2de484d6258612cf1aa0b459dfbbccb8794540634b75d8098,972
Api/Data/OrderInterface.php,a606b016a6ca555c536aa8616751c3b8d507279f6cb3f746c314cba9db4d4af0,64055
Api/Data/OrderItemInterface.php,db3d9fdab2fd7617538c5d80e5b607abdf4f0481445559bc94a912fe693c9440,43450
Api/Data/OrderItemSearchResultInterface.php,e8262d112c0d24596fffa47260e6d5eae3469dfc997aea892e9e269a3dfa8613,960
Api/Data/OrderPaymentInterface.php,fea0218c617cae002c01ccd76d166fdba278c4a7eb347486e083ec36d5613107,26402
Api/Data/OrderPaymentSearchResultInterface.php,69bb53f224b7308f3d6664317e1b345d3c20ccb90f66440dedca77abaa7d904b,972
Api/Data/OrderSearchResultInterface.php,1e351cbf44e07561b22e2c174abf3cb7c0b2faa1769a5d5b3de8bd461a0d0fb8,927
Api/Data/OrderStatusHistoryInterface.php,7f3f7b1d643e1fe68083e293b4020791164e77082351fee5cf01429be42d976c,4685
Api/Data/OrderStatusHistorySearchResultInterface.php,65b152f429343b181fb57d171694e89c3c14e4686570c3d859247e5755bfd75b,997
Api/Data/ShipmentCommentCreationInterface.php,fc3d9a8dff0da67de9729272c482ab3ca1d60ffd2a9a6dcb7184537c43930507,977
Api/Data/ShipmentCommentInterface.php,9b697bc07d310bf7f726efc73c7ceafdefae7c4c4b2563a1b817a8043f2fae06,2136
Api/Data/ShipmentCommentSearchResultInterface.php,f24679932ca96212c4e8cd58d801016e0be154f4ea80cd3ca7491c47befeb723,925
Api/Data/ShipmentCreationArgumentsInterface.php,a0d6a36604ab6459934a684fff3a9766a9366909b90f9404aba39be71ea252bb,912
Api/Data/ShipmentInterface.php,1c3732cfd80053c654ff8586dee57bce2d02a72c903219b466698f071a91d815,8430
Api/Data/ShipmentItemCreationInterface.php,3ea91cf781e2612a682703ec67a1f102ce6832e619a83189f1d43a44f81d2604,994
Api/Data/ShipmentItemInterface.php,ca0cbded9b0aeecda452d206e32f035baf730574f6785e6bef4eaf05d410672d,5014
Api/Data/ShipmentItemSearchResultInterface.php,e2cffd0e0a36da0b6bf085ea39bae48fea37be7045ead1fc9e5e7da3358040b7,907
Api/Data/ShipmentPackageCreationInterface.php,0971642cc635f0768798c080afebbcaf60b485bbca759a632c0ee298c6d465f6,1106
Api/Data/ShipmentPackageInterface.php,bbc3c6d8c3aa5fc620848011b4636ab01249a25cbea65a09461ce93ec92a7c83,1030
Api/Data/ShipmentSearchResultInterface.php,5f515ad1bfa9de8a7d0aa65d2d03a31c9cfd0b7b82473817366f03c177c954b9,882
Api/Data/ShipmentTrackCreationInterface.php,b480d904b749ba33b55a6d29bd979a4ab1d682907cef2e52c50a08e43025aa9b,963
Api/Data/ShipmentTrackInterface.php,1bc7622e8e5789c1ef366bbbee8635f711443fa9d347ebfe2ed6d4c4a2b2ab95,4504
Api/Data/ShipmentTrackSearchResultInterface.php,f27d1199e69a6bc48ed4727aaea9f97c8df1a3294ed26d183dc4f88b0ddf4506,923
Api/Data/ShippingAssignmentInterface.php,9b4e258db831c9560c1697d39311af76330eb78a45d5f74cdc598cd6fa1560fb,2227
Api/Data/ShippingInterface.php,3e2119d7cac941dff37f7be4e3527c3ee2de47e70cd05cf751d8268a0f491668,2172
Api/Data/TotalInterface.php,cb1a971668fa6da0db6e911a1cd009c5c699fb0ff157c594db6b732ed62e4193,10185
Api/Data/TrackInterface.php,63724556ad31d826f060e39655598c73ca794a88bef9d2fc1706b3294e9aed65,1327
Api/Data/TransactionInterface.php,88c026c58e69622ebab240253da7f6677ed88bcb6bfcf2cf650af88b7f5f4feb,6088
Api/Data/TransactionSearchResultInterface.php,405b3e6df9f35bbe03d265bcf8782d316459cb648f94cd51ea4f05e73e0aaf22,798
Api/Exception/CouldNotInvoiceExceptionInterface.php,a3e640ed22e8331d70652f558000a709add6fdac3a9ebfd93a26c1de4554abfb,227
Api/Exception/CouldNotRefundExceptionInterface.php,a643a80b5c084c758d86bca58642db4ca64aba3e4e9c97811ca72a69efc444a7,226
Api/Exception/CouldNotShipExceptionInterface.php,fe1ad97c05fb77d2c54aca18d33d663114d3d5bacde91eaca39920b87b05583d,224
Api/Exception/DocumentValidationExceptionInterface.php,1d64a457eeeb75463f0d51123a0744c23c5440329f626dd9da4ce35dd3daa849,230
Api/InvoiceCommentRepositoryInterface.php,e2843d10f60358dc71c92204338d028e116e8420ac4c497db45666f78b2a0e10,1771
Api/InvoiceItemRepositoryInterface.php,64fc1b1d6640a122aa56ccbc4c7176b3faaaa143974ffcc3c217af5657071bde,1650
Api/InvoiceManagementInterface.php,ed1e4da968c7ab817617622649e97971aa6a9f5efdbd8d78c49f958d083efb1b,1019
Api/InvoiceOrderInterface.php,3db667f59150fc01af3889d3d278792cfc06d4d4a775512d03e63969330e2751,970
Api/InvoiceRepositoryInterface.php,678d4733ffbb7b7d659e84f059951fa637705b63341eec331be494cb4012f172,1900
Api/OrderAddressRepositoryInterface.php,aa888f7658c7110eb415c652c031fc4e70e32bbc2432144de6479df5d8a64604,1763
Api/OrderCustomerDelegateInterface.php,1602620d9f14202e1b9fa262ff1def1f05ce310ec3bbe9f58220de5cd000e554,583
Api/OrderCustomerManagementInterface.php,14e5c87d548df70da7ffaed39218b09d4ed1bf7ed4292372f8eeef03190cb401,475
Api/OrderItemRepositoryInterface.php,c517669af16b011fb2e62ae9a38af6395c38da7389367f03e2bc09abb8860791,2035
Api/OrderManagementInterface.php,0c380c8160aaab675d56460cff718a646e3a8283637b60c66b998f9f82091e99,2136
Api/OrderPaymentRepositoryInterface.php,e152c54c952e0f388ab7a095b7eb472249ff1296b932395641bb68bfea2918e7,1949
Api/OrderRepositoryInterface.php,8fd00e22799cc196db92ecf3c362aafa840ab8f6523b7b4b19a230b23d193f67,1950
Api/OrderStatusHistoryRepositoryInterface.php,76f4d21a89741c9db9cc6d06b71144d90cbb9174399a7693fd932094c688235c,2037
Api/PaymentFailuresInterface.php,b34bbaafe05ed7b1d311370a2958c84f1cc3b184eebf20f678a7272243f52344,621
Api/RefundInvoiceInterface.php,985e6c996ef93d01eafcecf722ec762646a97dbf5c58077cc0dd934e733c1c72,1071
Api/RefundOrderInterface.php,4bfd174e046365dc00c6095b6a0d8064f23f19fef90d577dd444cc00968d750c,1008
Api/ShipOrderInterface.php,35e08429e217ec5fe9b31d3cf1ca1807a51e4b52b8b8873de00027dd23f26d7a,1230
Api/ShipmentCommentRepositoryInterface.php,679ff00c0ca38a487bc98c68a3e064fd31e19acaa33abd495540e352d7366d89,1893
Api/ShipmentItemRepositoryInterface.php,2dc80e1bc2eafd8116f897ff7b60553b619aed0c2702b4d6dc3c9eda5b112da7,1779
Api/ShipmentManagementInterface.php,5e2f03accbf6ce5dfc3fafe8c7fbcf027b7e79b7eba1cd865e33be4b1fec6cf7,1045
Api/ShipmentRepositoryInterface.php,80516e1fa3d14447544e66334fb6fc4aa51c202061ac44bbf71287234d9a798b,2053
Api/ShipmentTrackRepositoryInterface.php,d067e09c654c7ac65e171da2f767cb9e01f502be3910dbfb144691c0ccd4846c,2057
Api/TransactionRepositoryInterface.php,0643e221d3384f8b85626112217d593558953a031e695d0d90dac5a105c727ae,2073
Block/Adminhtml/Creditmemo.php,4009141a25fccbf6b6360aff20f5cc5c4f518d39efcac980c374fa8a167f4c65,634
Block/Adminhtml/CustomerOrdersTab.php,678c994f9eb6a80410be88fcd27fa054e0c3802eaf4e44e5ef6a1b8e97bff9af,1508
Block/Adminhtml/Invoice.php,642260d6b1305fa5f1f7026c836e111d8bfcd14fc9032bbfc20465c457821a1e,827
Block/Adminhtml/Items/AbstractItems.php,3634f1ddcc9eb488cbc4d08833e62a42e7947def30fc276232c479af68bfe99b,15569
Block/Adminhtml/Items/Column/DefaultColumn.php,de4698e74f514cf7d7175f6fc431498e4a8ccce7ddd9c2999960b9a89d1a7ccf,4039
Block/Adminhtml/Items/Column/Name.php,5d7ce6e93c0e79ccfd789c60c656fabdb61c1f084e5072c0fa4289996f731fc0,2731
Block/Adminhtml/Items/Column/Qty.php,2558477241e2a112c60adf63453a45c5e919120576660be1bcb646c3383aeb4f,378
Block/Adminhtml/Items/Renderer/DefaultRenderer.php,9d11e542347bb31340dc46af90821e686a7268718a54a263e3fca107d8c9644a,526
Block/Adminhtml/Order.php,061c3457f74b11f4834939d9da3cc34c284271c185f26314cd2d861ce6d902f2,974
Block/Adminhtml/Order/AbstractOrder.php,1fcf67919446fb1ac64e8d58eaaeaf0f8cdd2ed6a784aec5d029fea92a1ec567,4471
Block/Adminhtml/Order/Address.php,9bf08be2e61d46dce3e51020344ca233903c1092d9530fd12d12f2dfb169b902,2059
Block/Adminhtml/Order/Address/Form.php,502005eb5233d9a0367fcf051283321129a65eee3f488ca9ae733ea6704aaab5,4696
Block/Adminhtml/Order/Comments/View.php,930d58febc601d87d58c967c01b14a5ccf4c3e530c92cd8e8d44e3eb3c612813,3266
Block/Adminhtml/Order/Create.php,bac87984994878a91dbcecfb956dff91bed6991ebeab3c090c5471c28f10cf28,4479
Block/Adminhtml/Order/Create/AbstractCreate.php,96d9fde652bd72318ba1275be474bbfe7131b70c98b971052db595c7bf49b3ee,4246
Block/Adminhtml/Order/Create/Billing/Address.php,627d75ec5b548258c4de7d4a47cd7b66becd5adaa74a882d3aa32cdee8218b67,1890
Block/Adminhtml/Order/Create/Billing/Method.php,66f725e0bd0781ecb9eb65d7a5a2933b023a018e58c44c7239d05bee30c0d764,939
Block/Adminhtml/Order/Create/Billing/Method/Form.php,fba4872836967d8f2ca8717b57f4c2fafd801a14de4bae77fcec43e4a74ee98c,3473
Block/Adminhtml/Order/Create/Comment.php,91e647591b93e53abf71d363168a22f10eb9b7e3a650a27e9f586881f3e535bb,1002
Block/Adminhtml/Order/Create/Coupons.php,f2b15e2f0ff287687179b839aad9cbfe146e931bb6babab30df52b017da04ce0,1081
Block/Adminhtml/Order/Create/Coupons/Form.php,1c6719bd8f25035cdfa904ef999e9a4e9012d9124df28185c676832fde347744,782
Block/Adminhtml/Order/Create/Customer.php,4fe42c7375d1608800866812a48f9697432ea9290506fde037bb58390fe6aed0,1345
Block/Adminhtml/Order/Create/Data.php,d0f168681b1803806698d49944e35bd533c19c38d195ce60f4eb5e8c99467824,3225
Block/Adminhtml/Order/Create/Form.php,b4059dff7a3291de95fa26507d36beab31684c35b282f6af7527edaa391e5fd2,5873
Block/Adminhtml/Order/Create/Form/AbstractForm.php,5fcfd543a2150270a1be072086e1e39dc38950c98ee618e687c2d7f04f4f733c,9106
Block/Adminhtml/Order/Create/Form/Account.php,16340c0f0711036a3f50be64f2b77c52133ddb3e564be48b0eb9af543378e47d,8255
Block/Adminhtml/Order/Create/Form/Address.php,138e24b15bef425afc98e6786fc7e47aaf629608bce216b6a35df100bdcfe032,13814
Block/Adminhtml/Order/Create/Giftmessage.php,b3e904e24ffbf1f4b66527e0836291b1027ea1550883aa3848aea8b8a30b787f,3282
Block/Adminhtml/Order/Create/Giftmessage/Form.php,de93b5bd58ddf8174d260e4eb524497adb1e394f125c5a94fa1bb2abe6228611,8929
Block/Adminhtml/Order/Create/Header.php,179b7aad0bb482293d547ae510cb6de6d67306b0c5e4d97ea920c79b82040660,3342
Block/Adminhtml/Order/Create/Items.php,4450bc2bc485657728e8a33c330d1024c8e766b6be09ba679b8c1dda8e3e60f0,2138
Block/Adminhtml/Order/Create/Items/Grid.php,79320a6019a3e2a094a2b77c15cab39ee7abf61e7cde6cb4463ae683eddb6992,17630
Block/Adminhtml/Order/Create/Load.php,33875a1e4ce38194c048c700f90a19403f229b9eb15036e6ecd5c83e008a762e,1825
Block/Adminhtml/Order/Create/Messages.php,6c191cde2069804e759d3d7adc8a24b3c8b96f078477c47f1d0398f204f7edb5,1383
Block/Adminhtml/Order/Create/Newsletter.php,0053d84e24a9c06dd92f935abc679524456be3fe99dfaf3a72a3068e9345e1af,1054
Block/Adminhtml/Order/Create/Newsletter/Form.php,6b2f9611011a87630161a72b98cc79fa05f6f27a0700b4c2a1366769a8f2a898,576
Block/Adminhtml/Order/Create/Search.php,a24a80fe2292ffd241d2e2cd20b2858bd23051edf99cc6374eb7d366f2125daf,1429
Block/Adminhtml/Order/Create/Search/Grid.php,17e0247c4931fa7d5f761d0124caa6fd44ba0a576a7d86913e44aaa66aace758,8293
Block/Adminhtml/Order/Create/Search/Grid/DataProvider/ProductCollection.php,dab8bbf15988f2b989b5beeefcd9bc9aa94705042d69a09a978b4451c62c7e21,1375
Block/Adminhtml/Order/Create/Search/Grid/Renderer/Price.php,2ebef4e7a4c20546c8507cc8c179023b16648ee8f8ee6bab98204c89879e1a92,775
Block/Adminhtml/Order/Create/Search/Grid/Renderer/Product.php,bcb5203a69d162d1f8ffee0d6236f517e9bd4d4278cf50a2dc9e27afcc424ade,1983
Block/Adminhtml/Order/Create/Search/Grid/Renderer/Qty.php,0cb1b4b8565d00947f1ba739d5827a7e3c9cad34f8fbf345b4096c065d592720,2186
Block/Adminhtml/Order/Create/Shipping/Address.php,b443e1141161785211bccbfa4eaca6832024ba1bafa2d4d2e7614f30b712db42,3434
Block/Adminhtml/Order/Create/Shipping/Method.php,b9d2b63617594f2915b8ed6b02ac7e406f43a89c860171a88afb9a18edf1a292,944
Block/Adminhtml/Order/Create/Shipping/Method/Form.php,6851a6f041c3286d900dc6c7b883417c24a2da2804053bb334694b29eb444afa,4562
Block/Adminhtml/Order/Create/Sidebar.php,bf6313b2cb89d17fea3cf14a35ddc9c2973b5a99608ddd0b71af8fe8a79ba8fa,1624
Block/Adminhtml/Order/Create/Sidebar/AbstractSidebar.php,87f05f611e3bdf9fa5c4a4deab18032ce6e634ecf650a4e61a7b173cc4c26c5c,5844
Block/Adminhtml/Order/Create/Sidebar/Cart.php,f7c945b18665788a5e01434ae6d95586e9104e9a18fe17a448db125cbc6f2521,4867
Block/Adminhtml/Order/Create/Sidebar/Compared.php,a36833a447d0efea83cffceca734c4ffbc2cf4835f9f8242ae79e7e9acb0df23,1988
Block/Adminhtml/Order/Create/Sidebar/Pcompared.php,9f4d0cd8f64bbcc063827b2f136dc820ac9b52390714b679711a6ec9549f5c86,4572
Block/Adminhtml/Order/Create/Sidebar/Pviewed.php,7a486759690c801cfdd91ede1dc176cd60cdb02272313348ab0051e3e69a73c4,4322
Block/Adminhtml/Order/Create/Sidebar/Reorder.php,19cba7fa14faac8399ce8c9a5234a2d7e85e89b4186f243330b8163ec34e53b5,4020
Block/Adminhtml/Order/Create/Sidebar/Viewed.php,a1bb320a0da57c62b55067ba995f59f91a943bfb6fb5bbc61c563d2b22103206,1145
Block/Adminhtml/Order/Create/Sidebar/Wishlist.php,a373bb6e325c6357a0fe611ed54f4ac71f081ec743d059004207d6b63f2bf641,3072
Block/Adminhtml/Order/Create/Store.php,8606f6228562a2560c89eaed2bcf19721bb07034d99c3fd72b3239d360bddb53,762
Block/Adminhtml/Order/Create/Store/Select.php,e986ec008f9d9d63d3a4cc05dc01b70702d7766a52607a4080fb7dceaecafaa8,559
Block/Adminhtml/Order/Create/Totals.php,a5246139ca23c561d2410e95a8d71898421285b869a353b3a6d7513f4dcf79c5,5204
Block/Adminhtml/Order/Create/Totals/DefaultTotals.php,1d559aa9e6c13f197339f4e5b19da08aa3e9a01027dc461c7d3efe862ab518b1,1337
Block/Adminhtml/Order/Create/Totals/Discount.php,2c52902c310f5657de0bdc69ab7cfce6f686ad6e6c4cd3ac939fcf0f58722843,1756
Block/Adminhtml/Order/Create/Totals/Grandtotal.php,354d6c41d9ce6f0b1ec6ef1f74eb80ca2ca36bae40d2d1a10c7db0c1e05dd0ce,2209
Block/Adminhtml/Order/Create/Totals/Shipping.php,a115ef03f81bcd565156c22296cbec31b996d83baff48f971dd5010d4e32348c,3212
Block/Adminhtml/Order/Create/Totals/Subtotal.php,fb67a070c9a2fe14b9257847d4105a9cf935995aa08698cf7f0266db37f82316,2052
Block/Adminhtml/Order/Create/Totals/Table.php,3bf2d05589ea4f4a7209b03a7cd0c59950d5a1198174ccb63d934156213807ba,722
Block/Adminhtml/Order/Create/Totals/Tax.php,511a98d423ff7720aa6227b7d026832b248779b022e09b450ee8e036462d2c28,1747
Block/Adminhtml/Order/Creditmemo/Create.php,e4eea84c4dc2cb8308e48420f0d9d249dedf281979e8c5056d60b3ad9fda03e2,2172
Block/Adminhtml/Order/Creditmemo/Create/Adjustments.php,c419ac41ab6043c4218a0ce17a7ffced3b3c2458128e363f546a9139175c8e0d,3606
Block/Adminhtml/Order/Creditmemo/Create/Form.php,a9f25f57c64d6c1babfe275c7bd8737f84483e8ab0136626495d2559a982e85c,1105
Block/Adminhtml/Order/Creditmemo/Create/Items.php,325f0678f3aed0907450fc094af456b95323904a882339a24a01dcf0c38ed434,7216
Block/Adminhtml/Order/Creditmemo/Totals.php,e68b3aef32b68df1eb4b039248667fbf0e0c3e3f7619d9a33503d652836df2d4,2355
Block/Adminhtml/Order/Creditmemo/View.php,198f668c744e94ae657e07a98c20371fb379923260ba31dfded5470bc6648fc1,6828
Block/Adminhtml/Order/Creditmemo/View/Comments.php,d383ad8f00d41a5c15f0254c74c3840375f7cededb8484fed131016bd2a69aef,1531
Block/Adminhtml/Order/Creditmemo/View/Form.php,c78a725f5abd8d93a419ba0d8dcd19f98fcf72f9563bdc12f4cf14ad7cc1221d,1391
Block/Adminhtml/Order/Creditmemo/View/Items.php,29377244e042d617228d88be2aa764f175b32949a402e38a60dbe6e0000fffaa,1340
Block/Adminhtml/Order/Details.php,05f8f02841855e0bfd1136db07169c3e794af52972f7671794c5f7e10f88388d,949
Block/Adminhtml/Order/Invoice/Create.php,89fd90f61961e72c73afba9bf05460e1bb491556038dc5c84e57f34c5b7e2af5,2156
Block/Adminhtml/Order/Invoice/Create/Form.php,4ce56ad71224ca657cd8b6016c1e196d4a0be6c35815b0db930e8ea0cb4c9f58,3221
Block/Adminhtml/Order/Invoice/Create/Items.php,4fa4963ba8d3de68155d7ee5feead38e5124c7b8ad88aafb5ed8314b0bab1c33,6948
Block/Adminhtml/Order/Invoice/Totals.php,f77fe4790849f2abf23ff0c6d53d3491da4cc94f2bd4077acc7420a4e3d6bc8c,1486
Block/Adminhtml/Order/Invoice/View.php,db0542ed6e5397a679d752aa87cca847538f5855f2439eef1c6f24fcdd070a4d,8847
Block/Adminhtml/Order/Invoice/View/Comments.php,e72632da748e05302641aeccf91f0d35cc38399c937fcde245cce5baad3c8e4d,1507
Block/Adminhtml/Order/Invoice/View/Form.php,ea533b3ca72828c097237fbe17cc90820ef998f253110f235888d96f068ea6c2,1390
Block/Adminhtml/Order/Invoice/View/Items.php,ea5541470e53e665e6e0b178e756731431d96a0683b082cd3018edce0b3140d0,1343
Block/Adminhtml/Order/Payment.php,cac89abd3f44ab40f94f81cac192af92805eb69411e458b0af95d4ac7b202e78,1937
Block/Adminhtml/Order/Status.php,ad3211e95c6c11100ce946b77d0f0d948c598e90246b6171fe5c730a3ff33cb2,1295
Block/Adminhtml/Order/Status/Assign.php,6676dacfb2e5b0e93b538a3d0f66e61b795196c426c3e9079f46009b12db2f3d,894
Block/Adminhtml/Order/Status/Assign/Form.php,3202fb1b628a552ffe64bd51cd2ffce9c07a4b2e966ab46ac9ecb56bca9b8e5e,3522
Block/Adminhtml/Order/Status/Edit.php,f10d258abd2ea9f66912a62e2ec12065dc33b0d6520a17fa7cd171b85392c475,706
Block/Adminhtml/Order/Status/Edit/Form.php,164e775bdb25fb96f5d5bbe0e10799705f7baa3882a92a2926527be62a51f2b6,1009
Block/Adminhtml/Order/Status/NewStatus.php,1e2c70aff16f4ab676fbb73227b00c7fb06a22306dac735db324bb465d8a49b5,915
Block/Adminhtml/Order/Status/NewStatus/Form.php,2fafb6ae26e2bf9e9552c8d02047294b2cfd6c64a34cbd44dcd0b72605c758c2,4692
Block/Adminhtml/Order/Totalbar.php,4ec78a9d69431e79b75c88f3181b56198f6b99e9c8d8d1fdf31effc3de97f929,1718
Block/Adminhtml/Order/Totals.php,ab3d80f7485b86b8a76a61576759a789df520f7eff8146fac7d4f63fa0f6e1ad,2194
Block/Adminhtml/Order/Totals/Item.php,5103c26191c570f2f4acb7d463b6752e2706d558822add786cfb63115c9cc6ce,2313
Block/Adminhtml/Order/Totals/Tax.php,a7a093e9cbfab7bf6e6da7497bfacc750a46d67ef0787badfad68d2f7c639887,3578
Block/Adminhtml/Order/View.php,e338819966d14ba6793327e53d512529d42806353028d567e4693cbd09192049,14201
Block/Adminhtml/Order/View/Form.php,b578f722c4f062ec8e5423422fd03baaa82a08183ec8b1451d5ae44681f79d1d,446
Block/Adminhtml/Order/View/Giftmessage.php,34cacd75e501acb79b3da4587b90bb7c156c704da6fb01582ab706af16148d44,7289
Block/Adminhtml/Order/View/History.php,fb8a9c0a10f12f227873647030625815d461be07fdbdc33aa5da6656f0575213,3760
Block/Adminhtml/Order/View/Info.php,c96c3636dd1424c84134ba1ef1e171a63153c69769cd6cb1a548f3c18d8f26d2,9485
Block/Adminhtml/Order/View/Items.php,ac5fa1ea1688aaaf550156126813fee504a29a10fb468bbd2b335892da29d047,1244
Block/Adminhtml/Order/View/Items/Renderer/DefaultRenderer.php,3334019f08186bc2a7b1561991fbecbb00b93674be2c9895d706bcd286041ae9,8562
Block/Adminhtml/Order/View/Messages.php,249d9ae41a30faa1a56260efa8fd409470f9ec9f1c4155164f536e1d5b5b15af,2304
Block/Adminhtml/Order/View/Tab/Creditmemos.php,0ca7086a049702e393b7668c290d9dc5eebb5d5920e9180cf37c7d8c930a3f7e,1590
Block/Adminhtml/Order/View/Tab/History.php,3e80afe105f97915ab640a0ac2fe9b007b6c1bd1065a57d2980c0a484e083295,8806
Block/Adminhtml/Order/View/Tab/Info.php,ada75fc003ae26e941d3c2a857618ae6948dd6a5351adf8af5d7f1708e7506d6,2767
Block/Adminhtml/Order/View/Tab/Invoices.php,dcbccacbee1b67c0f4c3133ecd6d9a217a5950f164a05e2cbb9c0e86a40e7c97,1569
Block/Adminhtml/Order/View/Tab/Shipments.php,80c2ce8518900b37d9c4fe47d4dec0f9127ed9f469f8f66758b679f0e7454f4f,2073
Block/Adminhtml/Order/View/Tab/Transactions.php,e4a8707b9d6bb402695761355e681c864c8279674aadccb0683440f4ddc592c0,1977
Block/Adminhtml/Order/View/Tabs.php,bf429e0742fa0177c4c255fd9ecad39597ad3d71124002a3e3c5e72c4bb5c681,2055
Block/Adminhtml/Reorder/Renderer/Action.php,cba4554c3507c1cf40d28c9495a0074ef53c1f06ed7f2bd5b8b0f900aabb6032,2929
Block/Adminhtml/Report/Filter/Form.php,1ea247c2a7f23c034c380fa938c57d5e00ce0550eeef160105832450142e8520,3783
Block/Adminhtml/Report/Filter/Form/Coupon.php,283244f5f300f4f05d185039635713d642118c1c97ef3bf3816916d0f3b89872,4512
Block/Adminhtml/Report/Filter/Form/Order.php,a4bf2beef16022c550e8b6865bf3640c1411f9a70bfb911e63a87adde33d114b,1239
Block/Adminhtml/Rss/Order/Grid/Link.php,4028304d06012ae6b1ee417db445d7f297bdb2020593e0ae88b82a92439db1d5,1708
Block/Adminhtml/Shipment.php,b10e2cf0ea9d6bb4950e514cc5d7125a13649a8dc21fee953243f82fa7bdb233,651
Block/Adminhtml/ShoppingCartsTab.php,117fc012e72a5e75fe34eddc3533ba5443c98c8d476e598ac088270ecd677b55,1454
Block/Adminhtml/System/Config/Form/Fieldset/Order/Statuses.php,b4de1a16af26879d2369d4ea68cd9f610a07b206dc95ff7a9a3a3bfdc7e5a2b1,4204
Block/Adminhtml/Totals.php,7e9b243d0bb39cda19dabbafe8814cbff390391f7edf479f04a94fdf1dd45b3f,3838
Block/Adminhtml/Transactions.php,8a3d20f25ac42a9383ee91a86b9e19401d6659a7e581135f46a3ab6584a4b111,690
Block/Adminhtml/Transactions/Detail.php,0030042bb87c066ec3783931b993afa3e7a4a48e50c6dbfa179258d2f40b0074,4466
Block/Adminhtml/Transactions/Detail/Grid.php,e9bcc849e4d2d14d4dff4a37acd663207b2bb7df9c07fa5d70564a84750f926d,3427
Block/DataProviders/Email/Shipment/TrackingUrl.php,205bdd0cef73673ebc2cccc76e3b7c98e46a7428d24634821d4bb145ed8a602e,900
Block/Guest/Link.php,3de86ad47dab530f7a61513a770ebabb7bf6605b6f831c15be1602f105ca21f1,1291
Block/Items/AbstractItems.php,fa9150f5f17d1a000fdb68200387e3b4d2d9762883ca3caae42b9b5822745017,3138
Block/Order/Comments.php,448d91541fca596d372041cf68e726be8de63cbc707c8e491a061500b11e29b7,4195
Block/Order/Creditmemo.php,2d879a8a285010ed40e151fd48c2e78a5939d27977d1ea2672f884c4afd9f205,3836
Block/Order/Creditmemo/Items.php,41d1004f0fe07de46ed72b6b398b13516caabb4ed3d7dc01e8610cbfcdadf65f,2553
Block/Order/Creditmemo/Totals.php,6e9a565c68768a3786648fff650275dc831eadef35dd1ba5a755ec4c2ee8845b,3911
Block/Order/Email/Creditmemo/Items.php,8ad68e3fb7b6a3f8f1505d5c3fe2ee2ee8f906ec5610abc80287b1c12b8dfd3e,3519
Block/Order/Email/Invoice/Items.php,42af8b96629a25f39e7cd72e84ad9e54342d14d2d49abc7d25e9e025cbcd9a9f,3364
Block/Order/Email/Items.php,afa5c37beb0345ab07a0840392636a4b6f2fa091308125fe6b42c2a273661001,1847
Block/Order/Email/Items/DefaultItems.php,fe4c59bd5f87c721b8032b04fde1a4ef972ae34bfa9fed0a753d567e0b2017d5,3262
Block/Order/Email/Items/Order/DefaultOrder.php,a51be1955184b0c73cc20dd76c2f7ac52b5480e9c2b85cc643606a8acd54064d,2654
Block/Order/Email/Shipment/Items.php,56eb8c04f06f8be6159aaf5797eab69d57710e6b77408308ac22b34304893b5c,3402
Block/Order/History.php,9bc70887666e2fde89d40a7f380835410bd2ec13e68b2f19a8697dea2de9c418,5137
Block/Order/History/Container.php,c0c3021adca63bc42e851f813c67cb643004ec054d54b9264e8e7d10888164cb,1482
Block/Order/Info.php,5749bdc81c3effe2f3a3ac30e4eb97c401a3faa642335258ea0963cfa10a2d71,2597
Block/Order/Info/Buttons.php,3b0d630c53f669f3c7cc180a50a409121fb8ebccc7fad3311a5e4d6a1ee04ebf,2380
Block/Order/Info/Buttons/Rss.php,153b178a41261a7d2a5cdd459b81a25783a3e040f7c532d908b371d9d7547207,3186
Block/Order/Invoice.php,41bdc2d8b0b169771e5571c6302e26bef0f267e23ea6d646e4980deed391f0f9,3748
Block/Order/Invoice/Items.php,ba701e36066a8db40725fdd231dd3d19396ab5e1f6bc42f739a0fa9fb17be39e,2599
Block/Order/Invoice/Totals.php,4f303880523447c89b391a763ad40c86fdcdee3477b08733b5b9461ca08f6143,1992
Block/Order/Item/Renderer/DefaultRenderer.php,b02644e309f400832d286338b091caff6340f9eed6205bd4050ef5348185e20b,7945
Block/Order/Items.php,ff91cd948f843c68471bd1a2564d2fb07a551a4beb27b6aa6149dc94fc31a8d0,4353
Block/Order/Link.php,6c000ba2cdbcd3eb63833cba0d1fd4b81c7d7a862bd26a516645747dc1a29f44,1757
Block/Order/PrintOrder/Creditmemo.php,9eafdc10775f30c299b58585f131092bb5c6ca4bce8e2f12db95046e05ee195e,3576
Block/Order/PrintOrder/Invoice.php,6469ad707f23079a1a245bb906d1b869c8acd24f862369aad3148a0c68182cae,3532
Block/Order/PrintOrder/Shipment.php,c64bc86400c2e630ac09fb5fb5ce8c725c845f98c635590c1253b2ac1a153b94,5728
Block/Order/PrintShipment.php,a585a9d042b88151ed938a236ca16de35096205ea00ad992753b13c32237bf76,3327
Block/Order/Recent.php,e4b4ffe5450cc0feb7e76978a2872b34e5cdddc40a92bea5629e36f5ae6ed55a,4067
Block/Order/Totals.php,9fdeb7da288124972d8df67e1a6c66f11ba757e5f576f36314463d34f5d808c8,10234
Block/Order/View.php,e4ab073edcc9ac0411eae22355639f66283beb3671315ec945b63cf5e641f42e,3493
Block/Reorder/Sidebar.php,689945ee27fbde24144abf54481dcd79b94fe470bcb3d7c510efc3ff8eeff15a,1461
Block/Status/Grid/Column/State.php,f2b5aa1948555f20d0cba6d40d1a021a5fc35eef680d6d587a2041a38d90239b,1601
Block/Status/Grid/Column/Unassign.php,9cc46c09cd8e9f5a1b81822a932d81f6386f0d9fee3cac39002d751cfb439cd6,1889
Block/Widget/Guest/Form.php,7b9b231dd7776fab93fd3c49ecaac32323c83791e431057e8f050aea6a1a9ddb,2462
Console/Command/EncryptionPaymentDataUpdateCommand.php,d21e4bda103aa1012384c2ece774700f86f23be12b0682dc0cf970b95340cc15,1774
Controller/AbstractController/Creditmemo.php,c11698b8e75e6804b44bf12b44a5054fc3dfa6b0be066649e6617f0fb21b8167,252
Controller/AbstractController/Invoice.php,1a3afd082c6c02f49b2a47d651b416cc03b1b9d659f1f3b4f8942aa2f21c2da9,249
Controller/AbstractController/OrderLoader.php,bb9a982c209667e9159dcfbf06778d8564d7c22bd5f6025edc805f2a1275fa7f,2817
Controller/AbstractController/OrderLoaderInterface.php,e4063fd600b4b409bb282a7725f8b7e652141d829b67af23c414638c4ac229a8,542
Controller/AbstractController/OrderViewAuthorization.php,f35d0ba470386547ad7ae9106f611ea56d3a4c44d55f3b2ebf654aaaacbcacc8,1334
Controller/AbstractController/OrderViewAuthorizationInterface.php,eade3befe330428a2992835857a768f351e0ed704d6657a07680e63d99c4d852,518
Controller/AbstractController/PrintAction.php,f83973e6fc501ecfe60687476ff64b6852b7d6bfc854b688f2e17c9ac4ab0adc,1488
Controller/AbstractController/PrintCreditmemo.php,1e9793f7a3f2e2ee411b17bb73faf671bcd3ae8960cb77fbcd038821e6bcc672,3121
Controller/AbstractController/PrintInvoice.php,b18a1f4dc021425ec2de99bbb59dfaab436aabc0e9e6995eafbacc1a85351dd0,2837
Controller/AbstractController/PrintShipment.php,5a435aa5f35eca4fe5d79592d6ef9b9059abf65fe5c3a8017ae9a90387424832,2808
Controller/AbstractController/Reorder.php,f60fcd1c7e43446d8fdfa8bc0ba85d70ba6823f6ed725c780b3ee40e8b9a3e8f,3765
Controller/AbstractController/Shipment.php,b81791877cfb6e410a901fe35e82d48c0a47f5767ff3925db1999162b06dcbf2,250
Controller/AbstractController/View.php,ed541f7b53de28effcbd428f1585f4549e5e3b08d12a1169a62e5b8545413400,1701
Controller/Adminhtml/Creditmemo/AbstractCreditmemo/Email.php,f2d83ce68b5bbca36a856931094e4a016c528decb02403b637f6745a9edfc384,1186
Controller/Adminhtml/Creditmemo/AbstractCreditmemo/Grid.php,9cd9a583a42fabaa5519b3f0e3e32b3c6c5a0aed8661baba84be893423849fa4,1168
Controller/Adminhtml/Creditmemo/AbstractCreditmemo/Index.php,c9be5f0067238dd7f123ab7f056d29847630e90b312de860644f54417c3631fa,1674
Controller/Adminhtml/Creditmemo/AbstractCreditmemo/Pdfcreditmemos.php,7bda4958f3453470b77b220d205dabce9663dc850a39a17e0b49048f2dfadfaa,2512
Controller/Adminhtml/Creditmemo/AbstractCreditmemo/PrintAction.php,418e7a2faad93aefe58d08b66bbb5cb5b753d8a786a07f3f1680c94509b0633c,3029
Controller/Adminhtml/Creditmemo/AbstractCreditmemo/View.php,c844465ec87b01e71e93e2119601a6b756317e4a6dc26e7986bf7f5826b04096,1529
Controller/Adminhtml/Creditmemo/Email.php,beabd9993ca4c5e31add5d6bb6d53b3f2d7c48c8ffbd3334fc99cd828c800d11,259
Controller/Adminhtml/Creditmemo/Grid.php,b13b301b8690865c5c6a8a84a15956dcb783aadeb1970d894c392a952ed6e2d4,257
Controller/Adminhtml/Creditmemo/Index.php,03137705893abcdbb2923693b32a97f1db314558481f47afe6f4f126087f1446,584
Controller/Adminhtml/Creditmemo/Pdfcreditmemos.php,6bb359f1bd956b5402464c1bc539ca8db202d9622fa9633b9b7d25728db96982,277
Controller/Adminhtml/Creditmemo/PrintAction.php,832f9e594879edba78ba64c1e79efb9bdf68e88931fab29a0031c3e3d00784f2,271
Controller/Adminhtml/Creditmemo/View.php,cea36144c4a0b75ca565dd9132a68b60dcbab355b747b0970134a37c33fe76af,257
Controller/Adminhtml/Invoice/AbstractInvoice/Email.php,cb83e3a6df13ff51d827fe7ff0a148c9fe385ce2c77daf93c177b599bb26e2dc,2081
Controller/Adminhtml/Invoice/AbstractInvoice/Grid.php,d0d28292ea13725c8a8f704caea9b888ec56d7c7681de9f4f8c3ac6fb0fba1c5,1127
Controller/Adminhtml/Invoice/AbstractInvoice/Index.php,f3c01f266fc13419147343483261faacc8b42b786779ba6b80588852723e1d95,1715
Controller/Adminhtml/Invoice/AbstractInvoice/Pdfinvoices.php,9a7a7505f28115b8109d0848494302527fc6f7e5ebd516f583c2a736176edbba,2469
Controller/Adminhtml/Invoice/AbstractInvoice/PrintAction.php,3c675855d79de43b9b3dcbbf9965677ae95f26df490657eec88b8eb7826f4d93,2491
Controller/Adminhtml/Invoice/AbstractInvoice/View.php,7609d512464034555f60da29a3d26df76f04ea487bf1f6a586c25cde92334e1a,2650
Controller/Adminhtml/Invoice/Email.php,1a8374136212828e6812efe1fb523d1690926c6e44fcdc7a0910f0c9821eb05f,253
Controller/Adminhtml/Invoice/Grid.php,a3714dadddd7ec88d96593446242810001b30f28229eaf3a90866eb5df3acfa8,251
Controller/Adminhtml/Invoice/Index.php,1655e28941048d56a9a3d04925e9ebf6b9f4baa5285c84558d8bf7be52ca0a53,371
Controller/Adminhtml/Invoice/Pdfinvoices.php,56aa2c2aecb1b9f6d2e8b50cd798a8ee1914a55fad0da6fc3724a231e00d616a,265
Controller/Adminhtml/Invoice/PrintAction.php,879577e7f280051fde47be4526c64aabe1e272d7b747fa1cc1427b6b0c8344c8,265
Controller/Adminhtml/Invoice/View.php,2a2e2c3d5877bb38247f69c67c2056c0ffe3f525796d316ccf0dd14ba63e8e7a,369
Controller/Adminhtml/Order.php,975350a03dc42df4a93a67e667c4f8d3a9927274e66ba54171094236a296dcbe,5393
Controller/Adminhtml/Order/AbstractMassAction.php,26c0b159d973b0f58268e5cb2a39a85e287990f769d5edc6c56dc744c9c21adc,2584
Controller/Adminhtml/Order/AddComment.php,e6bf56a3bbe628e8fae0872b9555f1b57a40a67c5e447ab7e4abe17e9d57f412,3019
Controller/Adminhtml/Order/Address.php,ba8f10854bdbb1d81350d12201a1646bcd288e8f7bb744e67873f01e474b8a96,1410
Controller/Adminhtml/Order/AddressSave.php,a522fff1b44577debedcb92e16efa5ea00e0601999eeff5dea47cac14daa1cea,7062
Controller/Adminhtml/Order/Cancel.php,2b624bcf4643fdb1479f606b98d4623dc7683d640b60de617f1543c478e68e0d,1700
Controller/Adminhtml/Order/CommentsHistory.php,0958b9b552aabdc84e8d14a4e2e6e185a7aee0807372b437ae528897f7a517b0,3551
Controller/Adminhtml/Order/Create.php,e90540c1a3e3b6f6254ce0e939ec77380111599070c444a7fd05a651c83b28e5,14043
Controller/Adminhtml/Order/Create/AddConfigured.php,26ca7d43786d854fd825e708f3dd5f3c2da73d2731ef30d690ebfe26dc304bdd,1356
Controller/Adminhtml/Order/Create/Cancel.php,918b87b255e8221f29bf0ab77f472c3f5c9ffe2a849583f4cf1d3a67b34cca3b,892
Controller/Adminhtml/Order/Create/ConfigureProductToAdd.php,656a0ca0a820c9454e2e51d6b82c6a810360f8a168348f4b60cf312d796186cb,2510
Controller/Adminhtml/Order/Create/ConfigureQuoteItems.php,73fc2862a5d7dbe0ad43fbcedfd21cb3fe706adfe528f13292acc05d8d0b72ed,2354
Controller/Adminhtml/Order/Create/Index.php,6c54552861e82497ffdcf3d03611f14c0b1e336bd7404d394b71aa85b7b4e718,1200
Controller/Adminhtml/Order/Create/LoadBlock.php,087f660a7b4811bb02c9fa2848d60d2605ae6d842688005bed62024d98923728,4747
Controller/Adminhtml/Order/Create/ProcessData.php,9c3475ac0017416b963bd9235f3a5069ff93e6a0c3a894eca31ab55aed58a280,544
Controller/Adminhtml/Order/Create/Reorder.php,d0c231ff71d8c67e0b6b1eda9d73113e4b6a3a1e02a8a49ba9b4be7fd3fd8186,4442
Controller/Adminhtml/Order/Create/Save.php,e27215a56397052a17ecc65efb3b0718accb9aad79d5f4c1e5d58b64d1cbf611,3575
Controller/Adminhtml/Order/Create/ShowUpdateResult.php,5f5b5841e100e8313b6469dea892bf3371c7cd9de1ad5f0b1a6ded4d9b73ea84,2133
Controller/Adminhtml/Order/Create/Start.php,20a1714687066aa6b6b923b75f4a9b9b5792b0dac3b37503fb357487c9ffcfb7,854
Controller/Adminhtml/Order/Creditmemo/AddComment.php,9222037206be9d6f1491e42b635772665ff5cd7f6a32fda0fca612f1975d635b,5683
Controller/Adminhtml/Order/Creditmemo/Cancel.php,a36fdcf89bf3e8b9cae587f39b216c4baa480689d889eddd6d760433ca53a22f,2348
Controller/Adminhtml/Order/Creditmemo/EditComment.php,d793d4407d3768a5937351ac99959184e25da712adafb8afca27721870ac3aaf,1386
Controller/Adminhtml/Order/Creditmemo/Email.php,9f4cd7c89f185e8c17e83c7089577c4aca92b451fe9806ff92d2f1bc7a70aad2,265
Controller/Adminhtml/Order/Creditmemo/Grid.php,4361c594359c213da1dfb5f75afd94d9ce2da722efb9a123edf4a0fd3c9f363a,263
Controller/Adminhtml/Order/Creditmemo/Index.php,3d437340db7c423a52615bf5f252ad06e3288bfb27515ec11aa62979209d8bb0,265
Controller/Adminhtml/Order/Creditmemo/NewAction.php,0295b61958334f546fd6da58881eb1adc1bc9dbf14a2dd6143bf346e1d8d0507,3298
Controller/Adminhtml/Order/Creditmemo/Pdfcreditmemos.php,e27c29ef0c626f01f72e96566e405c492fa0875a828ea0538397517b4b670b25,283
Controller/Adminhtml/Order/Creditmemo/PrintAction.php,809a9b3871a14ec0a6258cfa312795584aa4bb47354d36c7ee8cd0dfeb8238af,2236
Controller/Adminhtml/Order/Creditmemo/Save.php,cc47fe04dfb9d3b7871265c52a41d3605dba50a4c83b3914a04a37ec7df159b6,5941
Controller/Adminhtml/Order/Creditmemo/Start.php,2670acfe706b251a1c779dce8daed0254c43336faa85a668329dded9ac405b38,907
Controller/Adminhtml/Order/Creditmemo/UpdateQty.php,fd4c281bb19d1278d9eb725829d9e5279df9d27e99007ba86f3ed1bcbfd3e5d5,3446
Controller/Adminhtml/Order/Creditmemo/View.php,4a8702f21dfbd7d963ee6b20ecc7a80db8450ee1e33bf7766876fde95946c2c7,3206
Controller/Adminhtml/Order/Creditmemo/VoidAction.php,7109c3c530b387a8f7ff594a30ef7ae80ee9bda8fe7ef9deac6898d2229696db,3260
Controller/Adminhtml/Order/CreditmemoLoader.php,38fdbae28e77765a8c6fa523ca9f766bea5c3446363e9337a8bf97f45da4d786,7840
Controller/Adminhtml/Order/Creditmemos.php,e03aa77abcc57d2679b39f0e46112fe7535e8fb47bd50c8851e77503e474f49c,677
Controller/Adminhtml/Order/Edit/AddConfigured.php,06d97419c08d4a3d53df2605166cadcd24fa895ae13267fe20d8a074990c4e99,419
Controller/Adminhtml/Order/Edit/Cancel.php,35503cf5555fb47fd91dcbbd104cbbb6ad9599fa4b6ab1afc750883b7dde37dc,405
Controller/Adminhtml/Order/Edit/ConfigureProductToAdd.php,d065a0a75de7908de6f1642691dd535bb463c68cb7d71f946dd0b87d1a556c36,435
Controller/Adminhtml/Order/Edit/ConfigureQuoteItems.php,f5a4225e7f4620d9e8434da3ac5961473bdedcdbf701bf6292fec99e5cc1e2cc,431
Controller/Adminhtml/Order/Edit/Index.php,984c25cfaa67d9d5a0a26e3d23a31c8a153b45b4dc6101e680c9c0724cb259b6,937
Controller/Adminhtml/Order/Edit/LoadBlock.php,c2a413e9795c7cc8ff44d8e4c6a780345e5b119a79ddc8f26bc7ba7b4963a4ca,411
Controller/Adminhtml/Order/Edit/ProcessData.php,d1d2c7997a1f4fd6b9d95e60d58c631c55f07cfdf5dec30b3df89af6a06c2843,415
Controller/Adminhtml/Order/Edit/Reorder.php,97873070d3ae9a487f04b8c94b0d09c18e2ff1e7dc4b14d22c8963c962a2a935,407
Controller/Adminhtml/Order/Edit/Save.php,b1c946057d6aa6867b5100327f47f7ede15c93d736c91ebd55083c74a5e1e1ed,401
Controller/Adminhtml/Order/Edit/ShowUpdateResult.php,9b6f3618827c046c75f4c8c58f4bfa1c24b9ac5215342b0089c6d00b3e13ef89,425
Controller/Adminhtml/Order/Edit/Start.php,9bd9484e747ee59755dac60d20e28b1ce706a6f6a94d3087a4bb1644b62e0267,1715
Controller/Adminhtml/Order/Email.php,6dd0cf23e3a2bc59ff81de32811247de71ef16ee826d5bffe0a82e85b96e5aaa,1407
Controller/Adminhtml/Order/Grid.php,ae77aa0210bfa932b35a403c862d3ceb9f62e556c1f98c71ea40d581b301774e,451
Controller/Adminhtml/Order/Hold.php,e46bee46ffa4291b5c2c9752d6255b20e9b8eb903e127d69bda315bf74ab287f,1542
Controller/Adminhtml/Order/Index.php,8b0740cb66d1f09032bf806dd438a5575fea5797eef7d85ea72b44375435726a,622
Controller/Adminhtml/Order/Invoice/AddComment.php,6a35f2abe229beb90ba7f8b81432c982affae4eec4b8b56cf25576770deec39e,5949
Controller/Adminhtml/Order/Invoice/Cancel.php,17fdc575a26c30711ee9631ed3ece870e92f7486a971ca29545594c6b8a3d750,1917
Controller/Adminhtml/Order/Invoice/Capture.php,36dd9e6aca846c1bb5be95c405810a78ba9f40672aba28610a1d686c9b5ebed8,2104
Controller/Adminhtml/Order/Invoice/EditComment.php,f3d5c952b7073204803aeecd6ff47bdb5d028e280ce83fd4f6ffcc289fa1f12d,1373
Controller/Adminhtml/Order/Invoice/Email.php,3e1f46379f656cfe76d26b60c06377daec71f6370971e5aadcfccaa6d001c4c7,259
Controller/Adminhtml/Order/Invoice/Grid.php,68005ea2e53c248fac2a21e3a0de39685eb4ab2a90cb332c2230f36dbd717465,257
Controller/Adminhtml/Order/Invoice/Index.php,01487d67500bec873f1f880487454f34b303eb51f93e2e865c4d14eb0ad6754d,259
Controller/Adminhtml/Order/Invoice/NewAction.php,b73064256ee87801e085003b78f7548c369de8c38c2afd35d25492e322c4b89e,4422
Controller/Adminhtml/Order/Invoice/Pdfinvoices.php,d4003d2e12441869d4373cb27661f7b9950a8ded495bbcb6f898c10a5352d80d,271
Controller/Adminhtml/Order/Invoice/PrintAction.php,3c39c92e39e2b524177002fceeb1fa067ae5d6897c2d2fb2e2e71e1645b1d2e7,271
Controller/Adminhtml/Order/Invoice/Save.php,59e09144de02c1d0670776a451e13f3868622a9603124609ad71c6e0a9acc678,8983
Controller/Adminhtml/Order/Invoice/Start.php,6f1be6d76bef06c330070ce7408d5202bc96ca4c4a4a8de1f77b2029ad5e8304,1111
Controller/Adminhtml/Order/Invoice/UpdateQty.php,53a0b5ca6ec0df84975e880a19b1f6d814e742f05015c9237f4c6e269dfce7c9,4915
Controller/Adminhtml/Order/Invoice/View.php,9971088a0522eefd7f6323d7ea4dd58c04c559c3d3f102ac2e52addeab7842c8,2188
Controller/Adminhtml/Order/Invoice/VoidAction.php,41b04272814b7201ba75b5ae6b3e6fe33d22d7f3144f0193544cef0dffa6680f,2159
Controller/Adminhtml/Order/Invoices.php,a339f89d25339f1385f735f1bc2f27f3dd4ab0630e8969ad481022886cc93fab,513
Controller/Adminhtml/Order/MassCancel.php,117c8dd59335ebd4dd7aee6eae698a34ee5174bd7ff204acfff2993b5af4a0c6,2752
Controller/Adminhtml/Order/MassHold.php,ed09df7b5398af8664b45967cd2bef6e55b284a7e4336440f8cfff9b3b36d674,2568
Controller/Adminhtml/Order/MassUnhold.php,521eacba50e5e18550cc0c7c4dc3a837949737a3a1a03ea355fbc95c4a940d4e,2994
Controller/Adminhtml/Order/PdfDocumentsMassAction.php,2ea8e94d86b7dace8373eda3473ff6c258193b9deec75dad9466db1697082bf7,1703
Controller/Adminhtml/Order/Pdfcreditmemos.php,d050fd6497fbd2e1de577ab458875a7addbabcb338bfa0c905331d484ca144b8,3120
Controller/Adminhtml/Order/Pdfdocs.php,2e8d6cd10252e8d787e6c54008cbb7638ea9c7f0b9d50711f3105ea3502c7ea8,5681
Controller/Adminhtml/Order/Pdfinvoices.php,30b9a1ca9d2e471c5ca66d53f673490eb253869fb7b74fbad39ddc3a69d0ea34,3043
Controller/Adminhtml/Order/Pdfshipments.php,4927c21f8295b1b3bf051e718b2ede000e45dbbac9fecc2c15a04010c8afdd48,3293
Controller/Adminhtml/Order/ReviewPayment.php,cc6fcfd5ac268b5fcd4964acc9adfafb6e553234421b241c67ed6b09b20bbe81,3016
Controller/Adminhtml/Order/Shipments.php,88b2753f1a7e2f3fb6d60e3a092dd9c5fc7cf56094c3ac0b2bb49517a2b61603,515
Controller/Adminhtml/Order/Status.php,e07eab5cde9083a7d71d8002290a31622f140839224cb7b8915b45d2d168be9c,1391
Controller/Adminhtml/Order/Status/Assign.php,04cb58666adb38528da1497474c395f4cfd9bc6a852bbd0b7283b450f06e0109,1493
Controller/Adminhtml/Order/Status/AssignPost.php,0d3b68f4c2ef4ea293c014323aff3e730abf0df437694ddcb5317f81726ad509,1998
Controller/Adminhtml/Order/Status/Edit.php,8791ab66c4f1343901c08604bb334a43f04b548faf6878bef2be09ef27b4d8d7,1856
Controller/Adminhtml/Order/Status/Index.php,f1bb18985069f35ab4c4fb4a8a0fd5e455e69fb5eeffb1c65beab378890aad12,1392
Controller/Adminhtml/Order/Status/NewAction.php,73bb90bd8ffc4c96f6d8d7b0ba294c3cde72509453a4818fa065f2af6c3c921c,1632
Controller/Adminhtml/Order/Status/Save.php,1cf1650b1d9fe1d9060dd5e4bec32e0f4aea9f4430e60fe38f437da301c192ce,3291
Controller/Adminhtml/Order/Status/Unassign.php,cc416d61c36f338578db4a645433fbb8a0e8bcb97cd6ac87d85ef1eeb8e13d70,1443
Controller/Adminhtml/Order/Transactions.php,a08bafa0cff4004695d8114c53534ec75d1f1000a08df73078b0ba2eff33c533,546
Controller/Adminhtml/Order/Unhold.php,66b951cf5e1bb47cf9352a24eef921fec301f9a7fb64783f256407257a39766f,1712
Controller/Adminhtml/Order/View.php,0b39ca1520715862535008637f4f9f5ba503399a8b3e95ba33f059d46540d2a4,1398
Controller/Adminhtml/Order/View/Giftmessage.php,bf6dd92dd341bf1d3a0cb252a3834138bb3c51a29006e2903649fb2e37709e8b,770
Controller/Adminhtml/Order/View/Giftmessage/Save.php,5bd6292283a5a55c41a2a813464f3264db90b0298655748cabcd912127bf1fa1,1091
Controller/Adminhtml/Order/VoidPayment.php,a9dd36741d3e9caa5b986977010777510b62eafd4686d26ad38ed25bb39a0034,1408
Controller/Adminhtml/Shipment/AbstractShipment/Index.php,8be07d7b3c8712443a578ee85bbcf474431685ae253883546d49649baed1c2ea,1417
Controller/Adminhtml/Shipment/AbstractShipment/Pdfshipments.php,53099475720bd1816ec0b27da2553a2197e3ccbfe726d799f409ca27f531c883,2368
Controller/Adminhtml/Shipment/AbstractShipment/PrintAction.php,3b011c465e8d6d5f3398519b2f296e1d8078b9520f218cd3589399198e000910,2577
Controller/Adminhtml/Shipment/AbstractShipment/View.php,bf9cd8071d8bfd9180fe036e8120ece5e68fa445a58c033765c2020994e89286,1553
Controller/Adminhtml/Shipment/Index.php,ad1a4e10e4fb5e9ba6b06da1783668f8060ddf0da7cde82fc84c71b39e97da3f,409
Controller/Adminhtml/Shipment/Pdfshipments.php,3c43b1ad93a9573b977808b0241b43f3ae888df20ed4858075f13f53d6f9a18e,270
Controller/Adminhtml/Shipment/PrintAction.php,f61312a65ce9ad15a3edbe5d5866c56c59f8323408949b7c82f0712cce4553f3,268
Controller/Adminhtml/Shipment/View.php,56baf44dec53af8b63cd02c326ee06415dfd24241d23fd9bae6a3df4f0caa901,254
Controller/Adminhtml/Transactions.php,14b7b187671cf9d1008674736c5a49bfe3d6029fb841346dc4f9e3daf0d2c743,2789
Controller/Adminhtml/Transactions/Fetch.php,b44f2d7ed607c5e205f27881b83951c8421516c39883325292271373f6d65269,1746
Controller/Adminhtml/Transactions/Grid.php,8b9051471f95ae11c14e878448bd3c14d57b5a70bdd181675c0e9904059f336a,479
Controller/Adminhtml/Transactions/Index.php,41681e34f034a12d58098d4c4c1eddc90ee64bb43203fe4006c622a8ba169846,753
Controller/Adminhtml/Transactions/View.php,7c6e5144754f2e895c896e1e2b68207cc6c64eb9be919e6de784718f6193e8b1,1086
Controller/Download/DownloadCustomOption.php,5ea627116db77da15417ab07659e0f96b9217169cbd63c2cde22022d0890f7f0,4027
Controller/Guest/Creditmemo.php,6b4435f3dfb9cc49a267e3eb737613e7b768ef91698b23fce753ecbb04fab790,217
Controller/Guest/Form.php,b899389aace2d9ab41d93995e423f140cfb7944955ea2be728823055672ba2b3,2143
Controller/Guest/Invoice.php,eae5f144f684fa2292221c4db81ffdb8b83d4fcd9c8efdff269d1e2c0acf7528,214
Controller/Guest/OrderLoader.php,407f8917ef75c9ddfa0e31fdcd1072e87cb59e74b3e0a6d369a0447353f3a1ea,778
Controller/Guest/OrderViewAuthorization.php,a9c430b481050fb7ae5e7b7a4d39888222f6e71b622daf5cc00042e5ec02cc04,894
Controller/Guest/PrintAction.php,892eb7ef4c1b923378f58fab2e6c35103e0e559f12209b40275e816fce29cc3e,710
Controller/Guest/PrintCreditmemo.php,f8e311861fe1d428f53276430eb6f0a278bfcb04518de7578bc0fa43a91e4152,2463
Controller/Guest/PrintInvoice.php,b63e26000dfc07b00ea6a9de155f52d89515da63ee3768e8bfec278654b20daa,2103
Controller/Guest/PrintShipment.php,3f9230b21828afc19866c2d1f9420d8859cacd77adee2584314c78a74fa8763e,2074
Controller/Guest/Reorder.php,eaa9862bc7cb411f441664135e5dcc8a73007d5bc45fe8f952146b220a98fbd8,709
Controller/Guest/Shipment.php,027bd62a0a43dfe8ef154522ee2c0d7008555758688f406e580b654ce857d1ed,215
Controller/Guest/View.php,a3f96fa67d0548cc6b228fa4e8d7b97d21443d9fde509928c8ae30c10d117d0b,1742
Controller/Order/Creditmemo.php,735c96c20b079af9f583716c5a88d42ce518b0b66245468e35b33ca886ad5c98,460
Controller/Order/History.php,50a312b5321a28df86b4068ba2638b654b97ca2b657805bc5a035392a8cb8a8d,1410
Controller/Order/Invoice.php,f00956f3ccd02194b6d5c0b72b7357b4e4cf6b91a68229a142ed33e7d97a0559,302
Controller/Order/Plugin/Authentication.php,1b65f797d2140771180ca1fbe7213f33a5f3b3cc74c30fc17847022a4a7b66a0,1348
Controller/Order/PrintAction.php,918f99cc84d9d15947bfeb665c967659583178a8268cb87bdc7dfd55d243053f,310
Controller/Order/PrintCreditmemo.php,9a43fc8ab156aa3e9cdd15a65aabf54f52716c6b920fc25c3297f8b73f32394c,318
Controller/Order/PrintInvoice.php,1f52b40f5bec4b0a948772d9b41f13eb96889663b55f661f82936014fd0522b1,312
Controller/Order/PrintShipment.php,891dcf75194a543e234fa6b43f28ecf47ee479aea202d2337f5d7fe1f873f5e0,314
Controller/Order/Reorder.php,e97118445b2c5a16abdd00a9214ed831e200968d7b11c5ae3a02eab28dcf8421,302
Controller/Order/Shipment.php,673f42634c827bd2f226acc028cfd9d066231d69db1c852b25fd4e2776f4e34a,304
Controller/Order/View.php,66cb4395f8863ef1e217665a1c96b646239507ed8a9aa8325dc102337425bf77,403
Controller/OrderInterface.php,5f8d943083a3d0ab792e09bfdb6fb1f19705b60cd75754347e34a733ad7fceed,312
Cron/CleanExpiredQuotes.php,84ec8a85c9ba61655bbb421807085894be2136b9e752ae1a128d5f8afeb0db60,2898
Cron/GridAsyncInsert.php,1cd6d9bdf623ee1937c436c9a8b733d740c08d1a2b5fa41adb7e41141100f728,1081
Cron/SendEmails.php,c266d865d558aa5aef7b165986eed34b8ff9fb3214e35b6a13a78c2f4c772064,1182
CustomerData/LastOrderedItems.php,99e094533212164e3bb2b37efc0fa2999eb526fba47bc4531390f3d384f8c02d,6101
Exception/CouldNotInvoiceException.php,d23ca216db740d540d1dc477a92ba086131298879fe852f7138d460d52e064ef,439
Exception/CouldNotRefundException.php,3d41513806e1e7f924713611c4aaf835272fd27ef4293d9b5ad7ad7b94443645,399
Exception/CouldNotShipException.php,74630daa300d87b688d73de31c348367b3559c2e3a671a15dcbb6205106958d8,393
Exception/DocumentValidationException.php,467c5e4d8a2a2ff582a09495aae6567893fc4942e46b63328986ad6ff299d5a5,411
Helper/Admin.php,8d23af2b40407f26763e3a08b176e0df3dca65b1aac8b30c476a79ceeb6a98da,5263
Helper/Data.php,6f5ae1fab5b582f233a559567a5cbe1c8cd1377dcdbc218e8730898d47a35c7d,4229
Helper/Guest.php,713b0b182d0aabe59e96adce5de241068a266bdb56bb08b752a8e251a19f5bed,11615
Helper/Reorder.php,7c799d4508702cb9ac4681d40e385910ffe877097727d244c6ea27a7bd05455f,2134
Helper/SalesEntityCommentValidator.php,8ee580194ea0722845429a9cb37bc8a8539834e15a36b4d869b8ec89edc56383,1723
LICENSE.txt,4c8537fd5431aafcb0ab22c49cba68febb59dd3595210f6c6c3b9212de0a7b49,10364
LICENSE_AFL.txt,49d9aa4c0615ff95305681c358fa1575f54ed3a512b016f61c71d6784860dd8d,10376
Model/AbstractModel.php,d391546ab01328b3ead40ddd0abf2be67bac71317a9d45c7a1fdcbd9b3c30cc9,1756
Model/AbstractNotifier.php,ca92b4cc197c7ad177e3ceb4eea94b99f60276812c90b2665d79a4324dc89ebd,1884
Model/AdminOrder/Create.php,0dee7d6e7dd20dd999b34eb048fe46bbc392cf94a22f51f74d4c1cba247af92a,77018
Model/AdminOrder/EmailSender.php,4cf52f1bc025a285bd2faff8376d1d1d4a8e369b47c420d4c932a34ba8b725d9,2339
Model/AdminOrder/Product/Quote/Initializer.php,b4bfda800ecf81578c17628e8ffb39e6b0ebc43889d91acad9095211f24e30c2,1595
Model/Config.php,1fbd8feda48d716bc614d346464eea51a5209d0409c3508bb50ac50a406b2a25,1757
Model/Config/Backend/Email/AsyncSending.php,a86eb46afd49752c7736ed06c99519acaac7e8c119ba4ccc61490f46269227b9,1003
Model/Config/Backend/Grid/AsyncIndexing.php,32587bd4d2110e114efd40fff98f38bfbaa028ea8035c68c2830f9bca4a5bf7c,963
Model/Config/Converter.php,af29c20c9ae51faaf6c1813355a08a17e8e9e504c369dc3ce9ff967ea8b1ae62,3667
Model/Config/Data.php,ad5da943002b551877002cfd1bcb8c83f93937a82ed61c4f0ab93aa5555a6adc,831
Model/Config/Ordered.php,d14d510e9a9e8d82bd0391aff7ab4553cd6e65074561ea158ae9bd254829be39,5402
Model/Config/Reader.php,a8f2e05f84d154fc26f87a039bc6846059c5d8acc782cbe466c917214bb9526c,1886
Model/Config/SchemaLocator.php,4d980bc8a5b2c9c76bb979362e256d4c9176a64f2ef9911567f8c097fe33ca53,1234
Model/Config/Source/Order/Status.php,49f64657318df18aece632214ab8d39a6751b0bf6180600a71d6f6e4f4deb672,1542
Model/Config/Source/Order/Status/NewStatus.php,6f0aa8f87d62a6bc6f47c8f45ff253316f44cdafd4576f30a20e43932274ded7,385
Model/Config/Source/Order/Status/Newprocessing.php,77b6a462ad2daded729a83415802e6bf2c79c5825ab67dc26c8370c078597bc1,462
Model/Config/Source/Order/Status/Processing.php,875eb98355439af22faddfffa8b1bc36583aae6c3a7e1a28abb5c906778be0cf,393
Model/ConfigInterface.php,63a4eae84d84228078b87e864f8e5295b70dd08e8494b13cd9fd537d6cf0d118,810
Model/Convert/Order.php,c396f644eb221be38f84cc9ada84adbaa03f12b1372b3a28d3bae6619b94f382,7329
Model/CronJob/AggregateSalesReportBestsellersData.php,31d521e132fc51a2a3f7163221619e7fa445291db7d47821c07700f7a4c0aa82,1593
Model/CronJob/AggregateSalesReportInvoicedData.php,5b289ef18d4dd7bdaf8a070947a3459fe02040e3de139d53179e67349e3563bb,1640
Model/CronJob/AggregateSalesReportOrderData.php,753d072840945b5f4d7297de1169589821ddad88867c8d051a33f448b086eb8d,1604
Model/CronJob/AggregateSalesReportRefundedData.php,aaa7ae87ae87f7237653eef16ba9914957361d54f60e3961faab272f0a0e9b68,1563
Model/CronJob/CleanExpiredOrders.php,c147306adbc8c915937f061dcd502b0d33925c0042be6916eb6ac2f09c18987d,2215
Model/CustomerGroupRetriever.php,0f13bf458cf1201fa5cceac698afb8d473af88eeff61efb7530f5bee19029a5f,1190
Model/Download.php,1bab8146769fbccd694a4950d6d014d4f2e3c409def02226d4d30d5691a06097,4199
Model/EmailSenderHandler.php,87108011912160b970f649a3efa865b6458d59ed617499d62c700c0b44521c15,6455
Model/EntityInterface.php,23abdf9eab81d21f2c5015d22fcc1942c458c4c18a32d6062bfd432468bccdc3,307
Model/EntityStorage.php,1275d71ccebf841648c6969da45e5b4bb623dac2713362007366d6b878374a05,3211
Model/ExportViewFilterProcessor.php,bd09912e51969f48d98eb2845d1b976edb1bb589d35ae8105d95f34318dbc659,4732
Model/Grid/Child/CollectionUpdater.php,4fe6130396e5066cd77d6a13076a191420035daebf592e66fd101bc4adfbee69,991
Model/Grid/CollectionUpdater.php,2e79305bf5db0b7b099d61874a56d57d67278d6af19831841636ee50d9b704c2,1080
Model/Grid/LastUpdateTimeCache.php,14448b73888611f81c553490497eda11db6b7f833d6a93f1172cfa1f15ff4cab,1795
Model/GridAsyncInsert.php,6d9542a3a90cc75636027ea3d79e8ef785046fc00e1bcf4d14296ee886883d4d,1606
Model/Increment.php,73faa0d619fe628056ee5ea2f614743b87cb09ea763d9027dd9f9902a33686f5,1154
Model/InvoiceOrder.php,e85611d6b563b88e3d4b55edb3c36d517bc7bed2368457c7740119f507f6e3a9,7951
Model/Order.php,159c6b840168aa0f52669e2d9dcd636adcde299adca8cbe71f162366e713e568,116354
Model/Order/Address.php,eb7be4ea57041f864cfee8bfddda997cc69c8b9d93863bf9f398c9acf6629350,16778
Model/Order/Address/Renderer.php,eaec4ec269f874911ce9edfce1b745e2735884c6f1ea363b39db4b0c85f1d1c5,2793
Model/Order/Address/Validator.php,a6942e8ac21bc6494a1de1a3ddc51e4e76c221ec9043ed367bc2b69684506b6b,6386
Model/Order/AddressRepository.php,379f80366291cc1a98d0ac40ca2cafd4bd6b30e59da29dc92d92d8d02ca94b08,8071
Model/Order/Admin/Item.php,2b4c73062cfeaaf913aa51fbf7c38e203cd9e46cd3919ccff887f0c6ea326ecc,882
Model/Order/Config.php,971f75c88e6edc748d82ae0d06ad70f67d3bdb1e2806928f133d3418cb3bb831,8480
Model/Order/Creditmemo.php,d8f6917397ab61c23dc9b051ffefe6744aa9157416501dae7581ba256c9c0019,38148
Model/Order/Creditmemo/Comment.php,1a3b27f7b3c2a96132c8041807e8e184bdbe8067e8b6becfbe16786f8fa2cade,5679
Model/Order/Creditmemo/Comment/Validator.php,62ba5c886277435811063e056de69def000a6e709e41fe43dc82dbebdedb8fe0,1869
Model/Order/Creditmemo/CommentCreation.php,cc3c154983970ae7bee38d5631371112c4ced22f8450d2c76749287e5112e22f,1858
Model/Order/Creditmemo/CommentRepository.php,e40ff3d32ce44928b088a4c201060f88e8322f02054ad9926b44a0ff2d0a212a,4787
Model/Order/Creditmemo/Config.php,bd75e8b968c7286ff8ff6b145ba01d9d335d164359924b8fcb5f6464d2ca5570,538
Model/Order/Creditmemo/CreationArguments.php,c83973f660206610f6fbbf9bfd24aabf0cb9cfecacab2b1b2c59f558fd14edde,1977
Model/Order/Creditmemo/CreditmemoValidator.php,e1882856d3c618f322696624d8f08ad5ec372f91a5c39b7aacecfc38f63eb177,825
Model/Order/Creditmemo/CreditmemoValidatorInterface.php,587520ea46b60b7b4cd63a7e75c91bee5487dbd4b12756c129bf68dad22b390e,721
Model/Order/Creditmemo/Item.php,ee50dbe831f9f50080d11113d165360c799aedb2830212fd141eeadafb317044,22314
Model/Order/Creditmemo/Item/Validation/CreationQuantityValidator.php,326cce1622dae5e6dde67a3cccb9da732c1d0a58c0b23434a64a76842940ad80,2669
Model/Order/Creditmemo/ItemCreation.php,7835ae7de40e099082d0e241b6cd2a803740f21cb416b05888ad8e3db326ba35,1766
Model/Order/Creditmemo/ItemCreationValidator.php,346074dd4142d7ab36fc9ea6db8e7a10b1c218b4e05d1960b242056542aef2e3,966
Model/Order/Creditmemo/ItemCreationValidatorInterface.php,a62925ba6b90c8fa315e31503c691f24930dbcdcb04c88d060b923248b7858a9,716
Model/Order/Creditmemo/ItemRepository.php,33d6cb0f312df5127fa2b774b39bd553e3ef5f822a6c423cf1eda56d2be9470f,3105
Model/Order/Creditmemo/Notifier.php,9bac2ec489e45e5177a656b1c04069b402fc938724788c41e51d69e55e6f504d,1070
Model/Order/Creditmemo/NotifierInterface.php,bcd2e1284f30cf9cb8202a8fbb240b4bb89d9cba77db4e21714ca655df27c2fe,880
Model/Order/Creditmemo/RefundOperation.php,3fd4d0b41c5c49b883ca20fd6b3075ba06406d64798fe4fd058272c4a4a43d98,5279
Model/Order/Creditmemo/Sender/EmailSender.php,3795c781f1fcbd066fabf9fa46c93005ece6c24846eb0d4e431c079cef7dbb0e,6156
Model/Order/Creditmemo/SenderInterface.php,d52662f541315c77ab6f92522f4053a16716c55149f00a50c8b076713bc9051a,863
Model/Order/Creditmemo/Total/AbstractTotal.php,54cd35801975a5555e3e8992c2f308576b2298a11249d94d08774ac3ac63569d,693
Model/Order/Creditmemo/Total/Cost.php,adef8f1e5ad224bfed7ab25d5f809171c676074632a1adb4e35ac1ca2b8e274f,756
Model/Order/Creditmemo/Total/Discount.php,8164fd3c8b262e283d755fc9cd70266a7ce0a6776c6260572c86a7f95c5dfc1a,5431
Model/Order/Creditmemo/Total/Grand.php,717b7ca78708b1fb5c6cba952858183c6e0601971a8be2a1ac892259757ab22f,1199
Model/Order/Creditmemo/Total/Shipping.php,76096a2b8c49ebed665c13242b335e719de5b3545280431848b4b951da2c283a,7970
Model/Order/Creditmemo/Total/Subtotal.php,c347ef9299f8c5ff77897a4dd1c60523c1df7bf33de5a053c9d7059209145e3f,1393
Model/Order/Creditmemo/Total/Tax.php,4d0b96f498aed4c774bc81dc9dbefbb9c2317b86f84c587e0a4a5ae9f3871956,15548
Model/Order/Creditmemo/Validation/QuantityValidator.php,c0dc4edc4d361c755106b4b8b1b3502dfbbae60ebeedf2e96d46bda699c52077,9659
Model/Order/Creditmemo/Validation/TotalsValidator.php,cc169c2bb3ace9c882a6522f93f596f022aa5b2160548fab53fe309936b4acb1,1360
Model/Order/CreditmemoDocumentFactory.php,5dbd5c603d790c1fc61ad996abd7019934f3eaa5c70c45ac8d2176b08650fbf2,6092
Model/Order/CreditmemoFactory.php,d00a62991b192a9d12a2241664b29efa55f46f254b820cc571009c133cb11131,12903
Model/Order/CreditmemoNotifier.php,ec7e440bd7c1646b080c7d5436c699701e68ac624b524d9c14a944e848048885,1134
Model/Order/CreditmemoRepository.php,d65315db251bc800751e6213689d14d5ab17bafcaceaf1a17121e56a97f781d3,5599
Model/Order/CustomerAssignment.php,5b8c82fe74f1d4b2df450e170c96fe2d5859a04f3b87d19b1c07eba706e07feb,1964
Model/Order/CustomerManagement.php,ade72e2ee769a716b76924cbdbbb47170523b7e6bc482bd660e1eef123e42632,5260
Model/Order/Email/Container/Container.php,4064a2d6753779716e2513070074a0fc83966a2770da1bec89e2aefeb08f7856,2640
Model/Order/Email/Container/CreditmemoCommentIdentity.php,5b4e2bdfa33704c27a4acbd7ed68ca740e05e44a76426781f129d4d5609e196a,2472
Model/Order/Email/Container/CreditmemoIdentity.php,083cf5022cf8e457db841b7431afb4b26fca8aa24ec9489c6b04024792546c4d,2410
Model/Order/Email/Container/IdentityInterface.php,7e5d5947bec5864533b693712f370d42654efb4e0f7b8d46cf419a8cd3837e64,1332
Model/Order/Email/Container/InvoiceCommentIdentity.php,c5da2d6d4fd808c73a716ff041ee2785c49ccd80c69d0d2393cda8cc5048a79c,2448
Model/Order/Email/Container/InvoiceIdentity.php,7c9ca628c39201a801b3d311b53ce46f4404bec3cd14f7c251bf97df4f36297e,2386
Model/Order/Email/Container/NullIdentity.php,76b07a8fdee2b43f62d823634edcaca633ae0e7b0b0e6ac1932b22d36946cca8,886
Model/Order/Email/Container/OrderCommentIdentity.php,dad9abfe0da3b2a9168f5c007022efebbbf61650cca92d56517f8fa1a059e131,2432
Model/Order/Email/Container/OrderIdentity.php,a79c9548027a479d82ebc11be605f08292a16635f7d9fc4898e2e3afd5d5e97c,2364
Model/Order/Email/Container/ShipmentCommentIdentity.php,ae1f00eb6839702f381f318db3118f80818abbf04c3e2da87178ff5b681ee582,2450
Model/Order/Email/Container/ShipmentIdentity.php,371e8bbecc0bcd03b2d0887dc5b9d4b160e62eebc431df4ee0e7e53f72240fee,2398
Model/Order/Email/Container/Template.php,d9a3d1451997d07c2345c324ff59a42b66d366fdab9f527c805553fa6a8bb0e9,1451
Model/Order/Email/NotifySender.php,490947ddba92783e0d4964866ba39840c16aeb7b110a5c604145a46b7587cef1,1145
Model/Order/Email/Sender.php,58695ce146b5080f3a2099abffeedaa3356305aadb2678950d3eeb7425211d88,4706
Model/Order/Email/Sender/CreditmemoCommentSender.php,87364a8e73e61ec10df8ea56fa7744a7857f0c9626a8c980b083444eb0a56bdb,3661
Model/Order/Email/Sender/CreditmemoSender.php,9be4a27a35df8389c3dd802a9ba395e3beb30ae184767746f95166b69668529a,6481
Model/Order/Email/Sender/InvoiceCommentSender.php,b7faeff21744b1d4b1ba8d6e4832820dd34f1cda162a0f611510d27967cf8cdd,3623
Model/Order/Email/Sender/InvoiceSender.php,397776e83abee75b9e7cba23f76af7046a7145f89c7c53ca34b61ec422e9069c,7153
Model/Order/Email/Sender/OrderCommentSender.php,f208b24ff04254ff4eb16319f40cf6c2561f0813f5e02ba7fd45dbf080aa4ce8,3492
Model/Order/Email/Sender/OrderSender.php,1b89e2563edaabafdd7d7f7f7fb1f5bca58cf1b96f5dd1a2b2b33611cbd27ad1,5586
Model/Order/Email/Sender/ShipmentCommentSender.php,01e472283d98a0cb5b69e704f3ca8962b5919b7f472e590c50f441bde801b3a5,3698
Model/Order/Email/Sender/ShipmentSender.php,71504ad536c8412b742f08b7c45dc29932c495d1131410af4c819f0de0c63918,6561
Model/Order/Email/SenderBuilder.php,3392ac8f98036a8dc27e8b6780cffa30abc15236a296e442521ad997bc853026,3166
Model/Order/Grid/Massaction/ItemsUpdater.php,d36e92bb3205d267d7594b3ea29760cc0a24d608db6d4bc3645d77f1c629c67f,1213
Model/Order/Grid/Row/UrlGenerator.php,06f175659ea1b169e7b627a589616cfd23194f04ab88f9d4d74401c7ea8d0520,1168
Model/Order/Invoice.php,31c28a628d27c5ad7d1763df8bd0d10d8bbec21ef24d4f08ab0b076ec75d1d26,41496
Model/Order/Invoice/Comment.php,3d3b273784e42ec6b642afc570fc63f5396d6891172748885e7371d7bd959a90,5475
Model/Order/Invoice/Comment/Validator.php,63ad5e4545ae8da6d289a4795fee1c2dda40e3c969726d57da7cc52008f8cc3b,1810
Model/Order/Invoice/CommentCreation.php,d23732e5b2fc0f58ac81ba60e057e9bcf3cb16416d14b26994f404c416e99d62,2213
Model/Order/Invoice/CommentRepository.php,3ec35d0a62caa549c23d4ac33c49f8117f4259f3e66b2029f120aea27475d786,4664
Model/Order/Invoice/Config.php,02ae9804377909d4e35f50ad5ad72bea9bf94657adee52b865418ffcdd8a963e,526
Model/Order/Invoice/CreationArguments.php,a83bb7fc21923cd0cd6978256a6979b514412c3e367e1d872ebc77882edfc027,905
Model/Order/Invoice/GetLogoFile.php,4a04d866eabbfe1e8148e224e4a557cd1cb84d53f905becf7275c751e4568c0e,1816
Model/Order/Invoice/Grid/Row/UrlGenerator.php,e0560029a63a4e1784bb7dd056f7fd43f03ef4c16dd5b5d3e445e6d9119a499c,1184
Model/Order/Invoice/InvoiceValidator.php,7dfcff52761c7bffb18ba4e31684532ddf75bd3dce2aa288d7c1282c3a0ec2d6,813
Model/Order/Invoice/InvoiceValidatorInterface.php,f8f12ea0ee0c63ed64e25d456c13d347ed979f35efb5bd1b41f1e08abd0080e9,703
Model/Order/Invoice/Item.php,031b63bf26472de3a7ad539a4a27db341219936ddde9d04da08ab45c4cdaeccd,18364
Model/Order/Invoice/ItemCreation.php,d4ed0427fccfae826ef3f29f4016afb8ada035c5c802a91d339d3ec9149331a8,1710
Model/Order/Invoice/ItemRepository.php,f9a7667cbfed6685b48d635413e4bfd659adb9a7cd58627cb638c68086311d83,3043
Model/Order/Invoice/Notifier.php,5bba5a94a85e588372a450b4757c759dbc6587a65768fb4b29486e1b069b814d,1043
Model/Order/Invoice/NotifierInterface.php,dc5f2f05294556739c26c0f580f5306a33e142ed551b0f4701064107deaf07b8,857
Model/Order/Invoice/PayOperation.php,ab65ae57b17c467d462d3ed679fbcbca661d1a4ffa5d7b93c5862336a66d46c9,5407
Model/Order/Invoice/Plugin/AddressUpdate.php,b3c2f0901433489dd700e2e805074b7b81cd56d6afd7b3c5e08feeb4005e96f3,3166
Model/Order/Invoice/Sender/EmailSender.php,60bb86be4d7b589d907234a59f99b2d4a062f59d5b3136cc14258ff1cd3d3eae,6158
Model/Order/Invoice/SenderInterface.php,42f15d6462686e6dd22f82932a17a545ac5a5d5a902892c8ca0b89f406be546a,839
Model/Order/Invoice/Total/AbstractTotal.php,0a9cc8be12cb6efe18932296f75be0e4a3b6ecd9996c29934c48c4421b4d0271,667
Model/Order/Invoice/Total/Cost.php,78a5a832cd9e093667acfc154123faa930cd564d5365b403f713754a81a43cef,738
Model/Order/Invoice/Total/Discount.php,9e299e1591e39fc2bc91d362b1514fbe2c9d0d950747b7cb685c25401b9d6e8d,3615
Model/Order/Invoice/Total/Grand.php,652de2cc0146af8ec9dc75e626300a04c065e1b41ba3da31fef2ca6a32406d94,493
Model/Order/Invoice/Total/Shipping.php,b71a04ee8e82ffb097b54badeca316680d622b19dfd39df9562b87d6a3b6db9c,1710
Model/Order/Invoice/Total/Subtotal.php,09fcb0730e71c18af5265e377cd760e04e4165b38a44cdb4a85ae5a7c577124f,2070
Model/Order/Invoice/Total/Tax.php,abf215c722e8948d539892957024b1490dd9b6d5916a51c1b9717099b253119f,6681
Model/Order/Invoice/Validation/CanRefund.php,25891d6c3a8e8a809e3a710cd511a98d8ae4eb278260cd878c738968fc429a29,3904
Model/Order/InvoiceDocumentFactory.php,5d5e890d6655aa0991ee7321164a83e889dad2af40295800ebd3004c60241a5b,2193
Model/Order/InvoiceNotifier.php,58b0f8beceaf0ddc6f0798097903519b94097a210fe840a2c2837ca0253f51e1,1116
Model/Order/InvoiceQuantityValidator.php,87601de9c1451479aca7fbd7f53c4ddff773ad08d97f9b07aa7f80bfe29cf507,2962
Model/Order/InvoiceRepository.php,1ef918681cf2c324ac37738ae9bb8bd8aa4ab3721ad474058bbaf40581d9386e,4729
Model/Order/InvoiceStatisticInterface.php,ad6b8bec05ac6a3face75f19ccc226393e10f878b322707d92c76858182b4e5f,571
Model/Order/Item.php,a1cbf3b13c4df30ce6463add8562a60e5fdfccb026a3aed852e9df9d424d0521,56090
Model/Order/ItemRepository.php,770d8bcd90ab4748a25fc5d86768b4152f4f397afec8513c144293532675692b,7586
Model/Order/OrderCustomerDelegate.php,b4275849c834220afff60b1d09679059eb09940fd7a1a13699b0a033d7ccaa7b,1368
Model/Order/OrderCustomerExtractor.php,465adf47b8b9baa770bb9b09734bc6ee9868ef07da2f414bba19bdf99299b8d4,5159
Model/Order/OrderStateResolverInterface.php,55efd51900f3d97991b7812d635574b31266f5768addcf8528943bc379179747,616
Model/Order/OrderValidator.php,d22f8a1678bc65cd80f70ec4f1930d5ec8996e93421c4a0616f2c0a031bb0c74,781
Model/Order/OrderValidatorInterface.php,8323c8a1fda0589f2a24d6802e2057827e803ef3739a05ca7f325c8538287b4f,685
Model/Order/Payment.php,35a7f78da4a0093ba536e09eba793a9fa0a9af456af590f58d2466c61fab08aa,73963
Model/Order/Payment/Info.php,9b98fa0cea6fc395faf524c9899c7d7daae8a97a9e414badeacc9db411716c2a,7243
Model/Order/Payment/Operations/AbstractOperation.php,558435e88adf0b38c3113c30185d937bb02cd3dbdf8bf48ff0f4078f5414d0c4,3666
Model/Order/Payment/Operations/AuthorizeOperation.php,c3a7bcfd5db3a40a6c5e29db121028a80a89ebce9899e6e2be43b78840a71792,1852
Model/Order/Payment/Operations/CaptureOperation.php,f7e3a018bded1b94010c55711aa2ef3bd7713f3cc30c268ab2a66f49661197fd,2342
Model/Order/Payment/Operations/OrderOperation.php,598e2184c9fa66bf445c7f06439d1661b0dc50eb5aaeb37c08bb854fdc037756,1389
Model/Order/Payment/Operations/ProcessInvoiceOperation.php,9d799cb9804e317e4e94cc1e0e9047f8c5e7245578e03de69d1d04be2e0da376,4053
Model/Order/Payment/Operations/RegisterCaptureNotificationOperation.php,3d8a591daa1fab7be005687873d99eb9cd8911cadbcf2eec42fd068311acf164,2597
Model/Order/Payment/Operations/SaleOperation.php,4ffe30550dc3303eb88244e726885bdfeab88cc221e05a03ded2817a6d1536b9,1576
Model/Order/Payment/Processor.php,2361e2fdc2d6f83042abb9c1882702040768ef1fc8ac6bb9f0e67b846fd4e4ca,3409
Model/Order/Payment/Repository.php,e0433dd5360d90c69d1c12438f2e9be9a4343d3e45975043fe4768229148e311,4650
Model/Order/Payment/State/AuthorizeCommand.php,3b802d389b1492ac8d302719ab1d68b87cab40e583a78b4b8dc6658dc73cbe9d,3046
Model/Order/Payment/State/CaptureCommand.php,bb93f8b3a7569f1252a457b979b39b5e005ff2357055f7ff8bb57516391a3404,3048
Model/Order/Payment/State/CommandInterface.php,e15e7c16599fb6010b20a99df398456ca31bb51b680c6e4458db5e7bdffefb8d,654
Model/Order/Payment/State/OrderCommand.php,504810d45e7555e63506538dfede1ed4adaafde8476bc0f89ee98a06e0ec0d45,2302
Model/Order/Payment/State/RegisterCaptureNotificationCommand.php,7cfb293442594cdeb087f0d8981a03d61d8ba02935ff2c46c6b8db38ba2dbe63,2726
Model/Order/Payment/Transaction.php,0dacb7445c57b2fb639fbd815ae21ae6c0257aeb5c9ea8680f25af2ac585bc9c,28634
Model/Order/Payment/Transaction/Builder.php,83df4995819a1b68020ed454f5f3572a0919567c382fc60affd46937b4f7aac7,6235
Model/Order/Payment/Transaction/BuilderInterface.php,f3971b8c0bdc8bb64b8a76ded574233732da5c7ddf5c09c7153587f258ac8e77,2651
Model/Order/Payment/Transaction/Manager.php,1d02a41df8d6fe606b430ec282392412ccf65794276a0848d0fcc78681f18d82,2654
Model/Order/Payment/Transaction/ManagerInterface.php,7ad984c6b008baa9257fb7df713d4b874ab40beebab25ef418285d047ab8e824,1361
Model/Order/Payment/Transaction/Repository.php,494847492a973d6443451d808da254e0de050e1479487dadd796fcea5d496bfb,8411
Model/Order/PaymentAdapter.php,2bbf4d465fd4b0e71bf506a54a81e25e7487c9d64e0eb26ef8fb6ec2669e3cb2,851
Model/Order/PaymentAdapterInterface.php,670e48d2f17833a5f58e3da27e6f8c774cd3f01300ac2158001c37e315b8a3d1,659
Model/Order/Pdf/AbstractPdf.php,3d005104b5a29bc36a7170d55a9c612a94fd6cd748626ec43e853beb96e62352,37521
Model/Order/Pdf/Config.php,31309b8477f01550e65e4874aa517b80052cd4f1972d92c393e04906abab57c0,985
Model/Order/Pdf/Config/Converter.php,51e6dd16e6d8c61f0254d7906646891391bc17975656b278e039ae40b0e5cf9e,1759
Model/Order/Pdf/Config/Reader.php,d50fd848665cdfea137dcdf54da71e39bad40eed52ff61216f7628213a52061d,594
Model/Order/Pdf/Config/SchemaLocator.php,5c9fa9bc3b1b3dfce525059a39de7c677ffd56886d3b479daeaf7c31d287272c,1201
Model/Order/Pdf/Creditmemo.php,3c2ba37e600bd77c0b2889ec5a2ccb529f06e6c1f6085a870a8948ccec6b0dd1,7241
Model/Order/Pdf/Invoice.php,4b74c4726a035d04992c9d1cdf13eeaa255e616b324e8d1e54b5a88cecd3bc3d,6684
Model/Order/Pdf/Items/AbstractItems.php,6b716f6fd844de388b9f74844efeae4da6baadf88d341e6c0f45e76841129bda,10219
Model/Order/Pdf/Items/Creditmemo/DefaultCreditmemo.php,862bade12ba3498a240e2ae87a30c49fafd18b791d11168625b86946805f6aef,4786
Model/Order/Pdf/Items/Invoice/DefaultInvoice.php,88f159cc1ca1803c840f6e8365f07f6a3c4350a85337ddf62aba161231f4832f,5894
Model/Order/Pdf/Items/Shipment/DefaultShipment.php,79200e72838d9acc9af6390d1c2bc668bddd9c6ccf1f191b02fbd88da1a934da,3888
Model/Order/Pdf/ItemsFactory.php,6a0498f32e6f376c7adede7d39a6229260ad7c0affd337fe9fab306cb9d97ef1,1024
Model/Order/Pdf/Shipment.php,897d005a3f2d4e387aba8a4690e4687bc07511c141918a4256f6ae0590dcc3f8,6326
Model/Order/Pdf/Total/DefaultTotal.php,53eb9cccb623e9b9cf72ea24e6b89663442106691e449ef5a1ae35ae6f5f577c,5021
Model/Order/Pdf/Total/Factory.php,5b17f9e4cd63330d08ae033ff02f9b2009503962ce1b72dfccee8e4ec5791d25,1490
Model/Order/ProductOption.php,6d43233c49c3df10e4c751dc31935d80678c064664f76ede999ba3558aeb1b55,3172
Model/Order/RefundAdapter.php,4c585b9882ea5a01988164c1ca351abab4d027e14b660e4898a4eb78ccca47d5,907
Model/Order/RefundAdapterInterface.php,691fa723c304d0ac45160e3b42cbd7a9efe1dae383c2a69c57412516d7ca5b03,715
Model/Order/Reorder/OrderedProductAvailabilityChecker.php,e813eb095fb689d2e5956c52c8c373846970f9ccf496490848dfbddf10a7d1e1,1783
Model/Order/Reorder/OrderedProductAvailabilityCheckerInterface.php,6aa6da991df8d72555a3187c4ac35f8c71737caf8a4ede6d5b9614d2821c597c,585
Model/Order/Reorder/UnavailableProductsProvider.php,2226ea0cb0dcfeda23d4acb1922cf7b948d3e4000722fec1459fe38f6ed1563d,1486
Model/Order/Shipment.php,4fea103dd47b2538562eb2c350965788e346d233e3e6e865ba399e1c108ef697,22905
Model/Order/Shipment/Comment.php,41e2de0292b5fe524a0b89684a893a59fe0c736780f2e646d4bcdaa601d38b81,5577
Model/Order/Shipment/Comment/Validator.php,46f01113a9c88652c66f3d9c7bca979e1d5d960f508545cc5c5532cfdd86d46e,1833
Model/Order/Shipment/CommentCreation.php,5232ba63d83c40043a7dd301e1e888b6f5aa59bf27b684f015c74bfe815b8db6,2211
Model/Order/Shipment/CommentRepository.php,6c021324d5ff3376dc3288074060f86daa21728608e0fd989a51c31a519cc293,4710
Model/Order/Shipment/CreationArguments.php,25b51d49fa7d100d7336758f123b3630b22a5282a101f034575818df64fccedb,909
Model/Order/Shipment/Item.php,698c4d13ec5239e6b40c66f0180dc1d887dd293f391df30a4cea10a7db288973,8703
Model/Order/Shipment/ItemCreation.php,be21a7b78b2b96c07f5b5b44d56269e265511e900b71ff9465ea6cff2f907e3a,1751
Model/Order/Shipment/ItemRepository.php,2c7da130637c2e9514380e4f3ed46a5e88e19af79ed2a00d72ab05330167bc7a,3063
Model/Order/Shipment/Notifier.php,b365ec97ecbcd63433272b3ba5810d1a57566770e25567b457fdfc6a3340a503,1052
Model/Order/Shipment/NotifierInterface.php,10e4cd37e3e4ff9bae827c5ac7fe148f7d56e3d9a3f0ba6eb64d62232a029c2f,864
Model/Order/Shipment/OrderRegistrar.php,f8b16109fab2fd562f758fa10eb7b0a6060fe6bf1e30d73837ea1a20e3bcd9c6,991
Model/Order/Shipment/OrderRegistrarInterface.php,07f41813178f85a0403d29ccb703bd35d85a948e503bca9ade4684508b1d3757,643
Model/Order/Shipment/Package.php,4ddc49b475d9d4eb9b2604fabfdd511d5157b987d055ddf4cb0b4515d3d8de88,847
Model/Order/Shipment/PackageCreation.php,44b923da5bb09c7d9a82192fd2175120373f0f5e032c2d38a9c5caba0b3ac4d3,887
Model/Order/Shipment/Sender/EmailSender.php,fd28c52c9a6e4f5655b9e73928448e5fd345aece4fa6630305568290ba8cb974,5902
Model/Order/Shipment/SenderInterface.php,2b4288f5acd852df7ad41ee3e779effa792a925a1801ae82d37d28ddb57e294c,847
Model/Order/Shipment/ShipmentItemsValidator.php,3c2f930f32fda0dde59b6df25b42753c9dc7b6e5b418bdb97c177e94febcaf94,1806
Model/Order/Shipment/ShipmentItemsValidatorInterface.php,5aedf32139e27381b1b70f17809636c52d397f3c8f53e6c95580a19dc57cfaea,715
Model/Order/Shipment/ShipmentValidator.php,cecc00392ea6787eae39eecf8c3797e921616bbe7ec2ab4297dd75db982f7969,808
Model/Order/Shipment/ShipmentValidatorInterface.php,d49b6d77b27eae04c77bdec959edad510ef945def7c6dd0bfa5a5f8e7b314bf4,713
Model/Order/Shipment/Track.php,6779e984f561a31a3b43ce69e9a27a7503c6708ab9c3469e62b5e46b052e5517,9707
Model/Order/Shipment/Track/Validator.php,2f38f04ca6aee518921a778d418402b58181dd8d82cb2c07d645885321fddfe6,1117
Model/Order/Shipment/TrackCreation.php,d37e27569a4a487bf4d84f5b551f3152bb74e0e66a585b7ecaed9c5705d1a835,1907
Model/Order/Shipment/TrackRepository.php,7250fc6e38d6a6112b2f094ccc39dbcf649dd2e2baa423a24841a1a32f87d6f9,4498
Model/Order/Shipment/Validation/QuantityValidator.php,94e93cdb0b09e50e8d54754dbb3915b494c741d86eed3c2ad918697d13e33246,3161
Model/Order/Shipment/Validation/TrackValidator.php,2c6bb55027c0f5704b275353971194e1aa2b8162757589e068839407532bfe15,795
Model/Order/ShipmentDocumentFactory.php,474d88079ccf7a2c59fd11cfd19bf951195c2664b1a7baef957f6e024eb8f9bd,4994
Model/Order/ShipmentDocumentFactory/ExtensionAttributesProcessor.php,d5b514d3a5a40f5931d831731b3bf79fc9f40a13505d3489d0b31ad01ec358d4,2543
Model/Order/ShipmentFactory.php,7fcce5635be61d07a792d2132c15a49fefab2a62632d1f94297af4e71f9d8ba7,9743
Model/Order/ShipmentRepository.php,bd799c822764e7c289763c453dc1239ab4d8e9547dda650ee3092cebebdd0dd1,5417
Model/Order/Shipping.php,fbdbc1e0c282504c9c0f8365b1622512b3f4510d3b7e7aa06ff5ff99e8fa6d39,1633
Model/Order/ShippingAssignment.php,10bf99c13f533998b75a48a8d29ff2685e71ce0a693b4236319971f2deb08358,1657
Model/Order/ShippingAssignmentBuilder.php,f3a9c85bb1690a41f5c120c46dee21ce6d6c558e4cfe1836e4c791e299431b9e,2542
Model/Order/ShippingBuilder.php,57da7a810ac0ef3ff427ab84d5fec50d62ff4936a84c2fb1f2f90072eac0ae9b,4142
Model/Order/ShippingTotal.php,2b12cdfbc8cd405ec4da5fc56c18c7fca898471420ee4e3ac5eeb4038bfdaf00,6947
Model/Order/StateResolver.php,890194083696717853ee93bfee1d5d498ef69110081d9de0ad02f4e331edc10d,2768
Model/Order/Status.php,124fda4b2c80a0d6f440f00afc533988031c629c3f4cd8b6673547e79e76ddc8,5134
Model/Order/Status/History.php,80e88fffd5d1729c0758e4130d0c4e8a3e99f2e63053466b987c0fcb0329dce9,7864
Model/Order/Status/History/Validator.php,2c59adaaa07e99a3ff47c6d19dfafde9e2785620712d56b49e84c97db8a75e40,798
Model/Order/Status/HistoryRepository.php,67400186748c1b7cd35d1bd747c9f08c88536fb56f5dd85d047f41cd733bcaf7,3223
Model/Order/StatusLabel.php,94691981af91762e114de19f2b43bb9f8ba738e7e80e47b3fb96d0ce6143b9bb,2319
Model/Order/StatusResolver.php,1a7d9443f9886fc6aa04584ead3ae806f6f7f6fc7c6a54bf52b820a43fcc72fe,735
Model/Order/Tax.php,a9eacf910747ff7732c7999e41474c8967d20ee44a47692c63c144c182a455f1,1405
Model/Order/Tax/Item.php,6b697de47f67c15fd7b4d56dcca8685c7cb16c75c9fd6060cb366eccf000497a,2952
Model/Order/Total.php,8715aaf455666f6bb27d2343b7471a26ebd1569fda355ae2bc4c6b24d1db7b8e,197
Model/Order/Total/AbstractTotal.php,e218207db8e3906a41cf1e02be7b43fb24890a4655749e9d25b96c0f89fcff2c,628
Model/Order/Total/Config/Base.php,5b7441a5cf821862f55906e41e6dddda752b60d066f5659ddc9da3ab2e3f627e,3052
Model/Order/TotalFactory.php,f2a898d5181a0a7f3eaed516bfeba509911f6182d1b272cff484599cc04a8e15,1002
Model/Order/Validation/CanInvoice.php,4f21f0b711fcc9583a4f8100b560eeb805e7881c367dfff1acde5757bdde2b7c,1855
Model/Order/Validation/CanRefund.php,0b7cff9e15500341495d6643135ae661f96bdf693a049fda4067cf3c43f34228,2571
Model/Order/Validation/CanShip.php,9854fd002f2c19295bbdc9a6822282009d76eb4c63a82b56e95d2129387b3b9b,1695
Model/Order/Validation/InvoiceOrder.php,375f40941a5927f0d5e2ace1806f3c0748712357d5399da3c6ff59696e1d0710,2301
Model/Order/Validation/InvoiceOrderInterface.php,72e3da16d042f03a792a26444504bd6b4b4d32a8e3f170014c640f5b8651afc7,1247
Model/Order/Validation/RefundInvoice.php,18f5e3be8f09f678ae11a7de7753c7cc734c2e8dfd2206865941a2cf843ad49a,3888
Model/Order/Validation/RefundInvoiceInterface.php,1dd164f0d336e321ba190fcfe17cf01c8c44263ff4a19a8e10d49b08ac7c3c20,1372
Model/Order/Validation/RefundOrder.php,b0bdd8f0f0293269b6a8dc58448d06ac6e60fae315388b279b0ce40eb8cb2bc5,3203
Model/Order/Validation/RefundOrderInterface.php,dfe421005091a56000371ad66ae513babe1f70ade5a010eeb762bf028365cf61,1192
Model/Order/Validation/ShipOrder.php,c56cd6e43d0daf4fa2457b4613151f08d86ac9da7cc73e7f7bd655545e4f73d7,4491
Model/Order/Validation/ShipOrderInterface.php,89a3fb07ec1d6598542057bc1aa5a865f013f77b9e7844292d978a343c17af77,1224
Model/Order/Webapi/ChangeOutputArray.php,0cbaa10d4ca380eff2bcea7de916740f4132840cb26c7640c5a84864d2e86ba0,2169
Model/OrderIncrementIdChecker.php,06aae6a28c849e7bb9ace3bd7c9d1b150837485e19592ce535f53a0db361ee72,1425
Model/OrderMutex.php,77c5339b3c4d2b2cd2bf2f3e11e76820fed24316288f8b06392397d8578e67c1,1361
Model/OrderMutexInterface.php,03cab1ca2abf212aac355a16029e6220d2893b7b8694f02ba227f64fe93eb638,580
Model/OrderNotifier.php,58871fbf4c2caf0f86db207dd30040918ab241bc58f016c54dcdfc34f30a25ab,1098
Model/OrderRepository.php,df40e5d610bd54f8ab41bc35284c1170948731612fc30797ab6c6d5a627c61a5,12622
Model/RefundInvoice.php,81b8a677b622c4033c4492c10e513691aa65dfc9674d81c58ab61f7699743a25,6424
Model/RefundOrder.php,bc607214df6b9de22937b7a64c5713d9d5ba92dc164ac977eb3c5e0b97a68147,7364
Model/Reorder/Data/Error.php,726e32ca89ff5eef916c07b3e8346fbf01fc27ba17c56581a4f6064c053332d6,855
Model/Reorder/Data/ReorderOutput.php,17e148647907f6cd18911ea258714c7802efbc7c556b08eb1367080eaf53f31a,990
Model/Reorder/OrderInfoBuyRequestGetter.php,d84a45b159d592345a776ab7db6a0dea09fe970863631680ecb87826ad58b6c1,1999
Model/Reorder/Reorder.php,d689b34b490e76eadb3dc1aba4457d211763ef9b0901b078eb2b52db4c293ce3,11929
Model/ResourceModel/AbstractGrid.php,b473b3167f3b3a24eedf69a4ebacefe889cfe202ae4c0ec87e523c625973394a,2495
Model/ResourceModel/Attribute.php,1c2b47b4e8cd8bf4137637d108702ac11affa20a4d306318ee20473af65aae98,4111
Model/ResourceModel/Collection/AbstractCollection.php,6299550fe3bff4ae36a4a01633eabd59ac06f835088bee75738805db0e9d364e,6000
Model/ResourceModel/Collection/ExpiredQuotesCollection.php,76d93ecaa7a0e9e083cb6aa88e05c1b52413e3b4f3683ba0a0c92358a020068c,2075
Model/ResourceModel/EntityAbstract.php,9c951283a624e0c795afb79440637a95efbe4d7bd975674db83565a986b349b5,6488
Model/ResourceModel/Grid.php,4e595b26bf82e8513bd0c15f166847966ade300336d084ebb25d9555629be024,5648
Model/ResourceModel/Grid/Collection.php,ce4dc55679af52c7ca864d78b7ba33de9569a60c206d8196a55828edfbce5e49,4185
Model/ResourceModel/GridInterface.php,01d0034b33655293799795dcd0a7cf169dccfbc6772485a454af5878eb25631d,902
Model/ResourceModel/GridPool.php,f8f638f1ac9ccf1f417d5214c5aa95aa0568ad54132278382ba76e19d2acb924,744
Model/ResourceModel/Helper.php,af039fc7e705284f82ae4aea9086b7b235da0aa34c8e5a58713b9cd87935d74a,2366
Model/ResourceModel/HelperInterface.php,272fb7a84c6c2edcae346421069f6e25ebed524c2cdd275bff82ef6eea4f1ebe,800
Model/ResourceModel/Metadata.php,d8a5aa2da04fe93249d8465f4f940a78dbf6eb474539c53622dd0606285b2406,1307
Model/ResourceModel/Order.php,4758facbb6157640e8e2a516a41192ef07373ede0da8cfc259d087ab31e09347,5590
Model/ResourceModel/Order/Address.php,84c512423bf4c0c77777eceaa7ab65671812381a51a7c5dfb3b351aa5408d40c,4041
Model/ResourceModel/Order/Address/Collection.php,56c724d80457e0df1eaa0f627f8d99c8531560694f54471b97557545d140fd69,1318
Model/ResourceModel/Order/Attribute/Backend/Billing.php,f1e27e898156bd4ed3b96cb5198659bf42e9bab2bf8f61820f70ba6a5cd29b06,1349
Model/ResourceModel/Order/Attribute/Backend/Child.php,b74456f57859d4cb1d94cfaac3ed44bd8fab8ef13a3abde5c5250fe854a662a9,729
Model/ResourceModel/Order/Attribute/Backend/Shipping.php,c268d37da1dd2f3b8ab0e371d3d6fc6fc66a18ffc0bf2a51bfa902abc40c0655,1378
Model/ResourceModel/Order/Collection.php,7b76bca15bd352ceef1de4a8a5ed972cf10ca62dd711e72b4972b4ecc3ea3121,8324
Model/ResourceModel/Order/Collection/AbstractCollection.php,2d0c14d7ae2db4a03639e1e889cea9988a453b27ddfddd242b65fa95f2d103fd,2027
Model/ResourceModel/Order/Collection/Factory.php,4fd1f731ece269adaa4ee879339769955ebe598b3729eb0b5c1c23196e18cb46,1171
Model/ResourceModel/Order/CollectionFactory.php,a99b0b7b7afb284c51a5b35714dacd3a399d8e161bcd870a7cc1876437786235,1358
Model/ResourceModel/Order/CollectionFactoryInterface.php,ad8f517a444b0a0e1f173dbde897fed7bd4d9506fa6e9c60939718bb31a421d0,474
Model/ResourceModel/Order/Comment/Collection/AbstractCollection.php,1af5fda4e019af9e07d38a3f96eb1307ed937a8df4051f87db775a4ea261a275,1391
Model/ResourceModel/Order/Creditmemo.php,6a9682717da19d0e5d5b718e2a4e9209fe93323d2ff2fe95b23ed9b8a4284269,1758
Model/ResourceModel/Order/Creditmemo/Attribute/Backend/Child.php,655007150b9926d857c342065ecc7c29e17c4cb0fc730b84d0be038d06af6ff1,789
Model/ResourceModel/Order/Creditmemo/Collection.php,716cfda5d960a20ad7628cd875f0eff3cf88a16486eae9655a729e24e12f9613,1890
Model/ResourceModel/Order/Creditmemo/Comment.php,47ce3899b6955196d520a5f91fedaa61a41c0cd3125feedb9eab4925031bee01,4530
Model/ResourceModel/Order/Creditmemo/Comment/Collection.php,944ce60a101966148bec4b6fb90fbfa30690c06dcd76f07a23fccfabe5b94d93,1398
Model/ResourceModel/Order/Creditmemo/Grid/Collection.php,70ae22460aa4a1decf8c8198148846e3ff4a5ee119b8a1ca411fc9fcb4df5270,1408
Model/ResourceModel/Order/Creditmemo/Grid/StatusList.php,9b80c9284835c0eb2d90a9e86d134782057d6723eb80be786d9d401f84b7d502,876
Model/ResourceModel/Order/Creditmemo/Item.php,751ff4b369ecf0a15fc4157c079bc1fe901125c0b79f549a9f182afbeaf53232,1264
Model/ResourceModel/Order/Creditmemo/Item/Collection.php,f24d47d2e289b3cb23061c2389c9b87631d701a4caa6225ebd863ffb30c28d57,1198
Model/ResourceModel/Order/Creditmemo/Order/Grid/Collection.php,8447099d1a1964d78aa3cff8069e0271671359aff01f5a963ac8386e12e5ea46,1247
Model/ResourceModel/Order/Creditmemo/Relation.php,9209ba12b807c4fbf379d9e639c401dfd426c94115f6f479d063a754cdbd7c06,1715
Model/ResourceModel/Order/Creditmemo/Relation/Refund.php,1eaaf1bb7289bfa7bf4bd24c049c03b30e722b2f7f46660772433b5288d480fb,6430
Model/ResourceModel/Order/Customer/Collection.php,1553a7a4ea252a6b42413bd0fa7c88023fa67c4934ed66ed8bedf69a3c107c96,5873
Model/ResourceModel/Order/Grid/Collection.php,89c75dc6ac06646c92ba77b87b8a91eb3f1cb22080670ba00438233030373745,2485
Model/ResourceModel/Order/Handler/Address.php,9df1d4af595edc41801e8653d7699d608ada62fe18f3a69f35f9f4e08c9c1fbd,2304
Model/ResourceModel/Order/Handler/State.php,8110640a52a90787cc8a95bf36947a6444d1f2aa46915fc66f8bec26f006a84b,3274
Model/ResourceModel/Order/Invoice.php,7efc70278c8468b7ee4532a3200ed42dc9781cbe7db1fe0643e87724c02a57c4,2086
Model/ResourceModel/Order/Invoice/Attribute/Backend/Child.php,1e7b3b89f0a6d57159c0197467a400350f15e4b385e97cfdb628d060468293ce,780
Model/ResourceModel/Order/Invoice/Attribute/Backend/Item.php,4a3b5112cfcf169e7d776dbb219ef0d9489e26b32518d0e3ad5e4e62acfa0336,757
Model/ResourceModel/Order/Invoice/Attribute/Backend/Order.php,acc50e1111d731630a144b7df965d2cd02b0c98ca4a73d3ab0b563aaa3a65e7b,814
Model/ResourceModel/Order/Invoice/Collection.php,b40d615e51029176a66579d6e4f70271d33752feeddd05c31ce860518c46e176,1484
Model/ResourceModel/Order/Invoice/Comment.php,cce8240a20dd8752822fc7cfb4a515ee1f37e6ba9d95cb4d99ec51671b886626,4502
Model/ResourceModel/Order/Invoice/Comment/Collection.php,d2d9acff98ae887d85062c57c8d1658c798e588e1919fea3e100ca99ab549b95,1358
Model/ResourceModel/Order/Invoice/Grid/StatusList.php,a1b27bfbeadce9e6cc299dfddadee5919bd35cd519aa0e6ac5ff6fdd194bb58d,844
Model/ResourceModel/Order/Invoice/Item.php,efa28b3cf177ed063243cba6a9c918ddbb44d486b9343b82fd21f250a8b9e12a,1775
Model/ResourceModel/Order/Invoice/Item/Collection.php,9dfea041f3d3bc8fc811da7223539c6a304827b90a7bad60e85292103f4cabe2,1190
Model/ResourceModel/Order/Invoice/Orders/Grid/Collection.php,e29bf5934eaf8e001a73e48407cc22ca10777af44c20b46bb27aaf183642dff1,1239
Model/ResourceModel/Order/Invoice/Relation.php,b95f17e05eb87cc9ff08a2932f322f8a3abeff4657cc9f7eb3f61a5ace95d488,2025
Model/ResourceModel/Order/Item.php,22ffd61ae9f6af5220e3daec086e7c8a77d20f4983b7fc1d85fad98911c84f8c,1502
Model/ResourceModel/Order/Item/Collection.php,72f899b87c6cfc59a1eba0be56f9c54f5a03dae6c4c8edfbdd359b2dad8155ec,2952
Model/ResourceModel/Order/Payment.php,57920dba2f88b8812f2be68db2f2f7eaa7fab10fd6e6403257f2172943ac6b39,1364
Model/ResourceModel/Order/Payment/Collection.php,53859534316bc1f52d79904ca162049fb1c6481b63bcdd3733353446bf8a77d8,2589
Model/ResourceModel/Order/Payment/EncryptionUpdate.php,b71fe1a5096759eda60388ed3243b38720473d9827299f0000b90e14de9828e6,2100
Model/ResourceModel/Order/Payment/Transaction.php,adf276f0c44e97137ff60e96cdaa4956148947c67a914cd3e4601775fe84a3b7,7120
Model/ResourceModel/Order/Payment/Transaction/Collection.php,4079dba2428269f88ec1a6d76a1a5b6fd53031f9400df3b8054faaa277e3542c,5600
Model/ResourceModel/Order/Plugin/Authorization.php,3fba091a74f8bb91f874ffde3029a9471e613c13ca13e508773f783cc2ac180d,1708
Model/ResourceModel/Order/Relation.php,b30482a46a9c62716d0b64219a4fe9b251a1b0b3a3cd7044f61efcc601bcb960,3390
Model/ResourceModel/Order/Rss/OrderStatus.php,3b57667fe1666261e256ac8568be9f84033c047487dd52ea081191189d9f9d6d,2602
Model/ResourceModel/Order/Shipment.php,0da5167ad71907dd3d6610817ad3ce74517920db8e881b38a9cdec9df2a136f6,1986
Model/ResourceModel/Order/Shipment/Attribute/Backend/Child.php,82a8397ecfb5fda983e038833854e6eaa947338832639b10774ce03195c9ade2,730
Model/ResourceModel/Order/Shipment/Collection.php,11b4a9dd70f6e6a8db15f66978a59966d4db6c04db08f93aea0944f1ef2eed78,1535
Model/ResourceModel/Order/Shipment/Comment.php,10f358f480d0752aed2cbc7367c362337afc3daf0870ec17fd2730400d81c322,4526
Model/ResourceModel/Order/Shipment/Comment/Collection.php,a902c39db45597b9b5daf342539e172c98b3feaeed20653fce72cbdc1d78dc2f,1342
Model/ResourceModel/Order/Shipment/Grid/Collection.php,c82da9120ec9f2bd0a9a3e27edd6b9ecab396dc9c48ecebd064684bc7b56834d,1428
Model/ResourceModel/Order/Shipment/Item.php,39b0beb7418db69f497163df278fe4d589456c35abe6769291ed264275189dd0,1328
Model/ResourceModel/Order/Shipment/Item/Collection.php,c6e46b0ac55b78c619a3f3eac912a2c7fd1e4a7162f06461e4a62c266e2615f4,1176
Model/ResourceModel/Order/Shipment/Order/Grid/Collection.php,73cdf083c27f2308287026471ba9f4a60bfc5984c9a85166bd2688c12787bc5d,1241
Model/ResourceModel/Order/Shipment/Relation.php,b23ead084f58cda3c4107a35a51bc73767c0d90c738fbb61a34e6042675bdb4e,2447
Model/ResourceModel/Order/Shipment/Track.php,869896a81e05354acd3211110dc741b5c66117412f31b7bfe437519136e52c2a,3069
Model/ResourceModel/Order/Shipment/Track/Collection.php,321368588fba720bc525b6db16c7dd9e43da9a2c1df21ccab338461a629b6050,1450
Model/ResourceModel/Order/Status.php,c8bc8f9cbca213c5d4c3cee4e6f7a1dda8abb1c19cca490a9b663118d7c74a80,7838
Model/ResourceModel/Order/Status/Collection.php,88b6c78ce4314ea8830c48650fa18abfbbc496c9657bed54406c771437b42970,2084
Model/ResourceModel/Order/Status/History.php,bf4a0586eac6cf38cda5bcf9288117c6c5623201379997b1f12d9f6d6a8249a5,2770
Model/ResourceModel/Order/Status/History/Collection.php,5e743d69027321fe621960caf9ac2e75e0874443226584002c6a5327c3d5e854,2215
Model/ResourceModel/Order/Tax.php,16dc287b83cbebea9df52f54823f5906de02662ea8bc06ea94cfa9d23cc5b2f6,490
Model/ResourceModel/Order/Tax/Collection.php,b7994f86a97d88e72c67328094233b10391bea518c73d8f11fff1e0a0720d067,906
Model/ResourceModel/Order/Tax/Item.php,e463501cb7c8a2fc5659200948440051e900630b12ad5d0c0ea27a3c7c72cbd3,1345
Model/ResourceModel/Provider/NotSyncedDataProvider.php,71225418465dc89b802829fe0e504226675f6c716732b325746e9ca4c0befa64,1130
Model/ResourceModel/Provider/NotSyncedDataProviderInterface.php,c77899aaf6bac001fcb978d57c36de88de3352b234b81ad0ee2ef05de61c8ed8,568
Model/ResourceModel/Provider/Query/IdListBuilder.php,e4131d5a390ff5c9e25d319dbf3357e582fbeaa694f8b3e34eef745857bf84e4,3339
Model/ResourceModel/Provider/UpdatedAtListProvider.php,012686b887bb4d40b3df5910662d1e82521efcb0d3a101b17a5b7e97a0b6e3de,2090
Model/ResourceModel/Provider/UpdatedIdListProvider.php,89ce17fd6d885a2d7f6bf7399b66ad78f4046e1fdf2946885c471eb1680b4078,1939
Model/ResourceModel/Report.php,8d3f7660b3115e936890d1bc0e5d2aa662bb6ca8deafdbeccb9a25a1da3590cf,706
Model/ResourceModel/Report/AbstractReport.php,04ff46e7d38c93a4cded60920c6e3abcfe97be8c3718a6036a9ccc0650a30679,362
Model/ResourceModel/Report/Bestsellers.php,6d0f866f2fee8dca9eb71aac70c409a546c9fd83840e7de2cd09454d390f90ab,8173
Model/ResourceModel/Report/Bestsellers/Collection.php,82929a5ebd58b58c13aa9bd429b67837de1d1c574857452bc7c3ba2df389ec38,15005
Model/ResourceModel/Report/Collection/AbstractCollection.php,377c0aa49529a6596c5a746e8890d397a1181b6faf2bca6d19402aa4a391dd37,2436
Model/ResourceModel/Report/Invoiced.php,43d6daf31f593a64721fe53da5922f16c90e65868be21c39a744b1eca42af3bf,9698
Model/ResourceModel/Report/Invoiced/Collection/Invoiced.php,0b9acfa6e6aacb211730d36faedc5aeaad33f97dfac402a7378651e4a251fd66,1369
Model/ResourceModel/Report/Invoiced/Collection/Order.php,7dfe09b4ae7a722665dfbb1d767ba560bc3797989198799da4f2e985f4e0e38e,3296
Model/ResourceModel/Report/Order.php,ba996057aa28a00f4817d420d6ee2570b9247399e49d6c51d2139e42a29528f7,2813
Model/ResourceModel/Report/Order/Collection.php,8a5bd3eb4b959424fd482a306c67c99067aacef6c7f892a73bdce2c39b185445,4222
Model/ResourceModel/Report/Order/Createdat.php,561f2628951d181076db17f4d894785da2638a3d8aa9762717c5e531865613f6,10738
Model/ResourceModel/Report/Order/Updatedat.php,d5f2489c155e478089e9f2d1c173a4f616935fa67f37537bc816fe5592eae068,848
Model/ResourceModel/Report/Order/Updatedat/Collection.php,fc20f1af130ede63f703ed773dc45a988d947fc79d183e62f1c11454388a4bcb,512
Model/ResourceModel/Report/Refunded.php,0f4fdbc981711001e9e10fc45f6ef2ebd61143614b6771cfbd58ee30d5d8ad81,9079
Model/ResourceModel/Report/Refunded/Collection/Order.php,a58c477495b7d1e0278eab192edd56aab1a98471ee802faa0005f0d051bb34dd,3199
Model/ResourceModel/Report/Refunded/Collection/Refunded.php,ee3b75a08e02aaf838002aeb6aca5cda638beb020617e8d62c29a2dba414be28,1369
Model/ResourceModel/Report/Shipping.php,3f30ccbbe83be7352cadbabbf1aecc0426495fb3c8ec468711ec35fc4b0767b4,9759
Model/ResourceModel/Report/Shipping/Collection/Order.php,4af3b22366f9e0fbf140eebf18cd73fcc502d67f7fee31bd398de9cf48072b24,3560
Model/ResourceModel/Report/Shipping/Collection/Shipment.php,87d9e5b53de12e268d451081cc0bf34d10056fba768550ab791dddc9c391368f,1369
Model/ResourceModel/Sale/Collection.php,7e3bc0740bd4e15059d332547d8d78252b07029f0343401930758eb0ec951789,6397
Model/ResourceModel/Status/Collection.php,7547f695ffa1252c22a0ab8a7810c06868b2a08d56dae83a1e5cb119748a930f,495
Model/ResourceModel/Transaction/Grid/Collection.php,b71e32dc010544bc72f20938ec72877ca380c4159a5f89bb4852c930aeb2169f,2377
Model/ResourceModel/Transaction/Grid/TypeList.php,7a5ab7886758d8373a7f182661ac011f793a73396d10ddc4a2c88be0c95442d2,884
Model/Rss/NewOrder.php,6a2a861b22999288f615e310a33a12904b894067d031d550c0f855f07e36e0c3,4685
Model/Rss/OrderStatus.php,32852bfc73586da5c3adf949b61b1db229782e88a6e7a96d4850470378e3b086,8093
Model/Rss/Signature.php,19c7e778a47b5201ad30c31bc31ea065d6599488734d8fe88b0ad15bf5da2c4e,1049
Model/RtlTextHandler.php,c6e0cecabe80c3ea054542e5e58f9fd9e250e6d8efc09faf483d7515de4760bf,1593
Model/Service/CreditmemoService.php,8867fb489687f2ea13337aba9fc6a803b255c9fd353de8169210d39a5ec41b24,9535
Model/Service/InvoiceService.php,65d035ace91f6b00bf4e6c1f2e8628877d115dda9c2e17896ab678f2108772c6,10065
Model/Service/OrderService.php,198e338eea403994f79bf744661df54777d0f063e96dbd5ffcf140be793ee046,8753
Model/Service/PaymentFailuresService.php,945e82df80bb4f657894961dd18a8f3a84a8b30706f543661b19095e8b539b17,9250
Model/Service/ShipmentService.php,fea0d27e17254a8143112ac355fd60e9686218e5119e36a596699f3f81b1a5e4,2944
Model/ShipOrder.php,e07886c46f9d9fbe7483b975b87f07bbcc811d89d7312c4d0b9841c5d3f16631,8473
Model/Spi/CreditmemoCommentResourceInterface.php,807d1989919e3e7a5f2b1cfc1970768f0d9fd0af59c8ba3781b59a09b329cbe6,972
Model/Spi/CreditmemoItemResourceInterface.php,ec76264e1e46520c0a45b81d88c645c764b766d4afe5f3a4b2782dc038d3cb1b,969
Model/Spi/CreditmemoResourceInterface.php,a156bfd1a6e12a16889e4471fad8507c843daf08ee1b772349cf13800b80096c,965
Model/Spi/InvoiceCommentResourceInterface.php,a8515f37591d4348b8626c9db8dbdc832629bed313d9447abd9bbf6010cf387e,969
Model/Spi/InvoiceItemResourceInterface.php,9a0b67dc453ca9d2c7220913e0cf0b876826e966bd6149c08e0e894bb97e4771,966
Model/Spi/InvoiceResourceInterface.php,fce9ff44a3bac733d289ec20d518a8228f065d113d388e7de47867e5932053cd,962
Model/Spi/OrderAddressResourceInterface.php,fa0bf1d0d1b641c5ad0738c632cf316bad53ab37f7b8c101486620e6ab7453fa,967
Model/Spi/OrderItemResourceInterface.php,d41e5a9c25d53eb7f97cb272b8e290e93b9dfa224c1070d88acebff173e074e6,964
Model/Spi/OrderPaymentResourceInterface.php,fe65410ec9b11438d780a8602797098ac1859985a4b9990ff71ddff27cff15c5,967
Model/Spi/OrderResourceInterface.php,7efc7c1ae346e3ed502d833f693203bc12773ca2b82f77d439787be666c05341,960
Model/Spi/OrderStatusHistoryResourceInterface.php,044d34037c20306128e156d5cfe064e9079a5094bf5de0ec283c64562f037110,973
Model/Spi/ShipmentCommentResourceInterface.php,b9b68638df5e1c2b380473e7d5af3f76ec5c59ed7ef7e78266f1b4bdc34f8ef9,970
Model/Spi/ShipmentItemResourceInterface.php,4868de301a46119c38e17b87cf9756c24fe8f7557e0ee55a202d044d14ff2aac,967
Model/Spi/ShipmentResourceInterface.php,968b8b5a1781084b32ce2dc672d8f48db1091f5fa25559a7fde03eddc3206302,963
Model/Spi/ShipmentTrackResourceInterface.php,8e163ecf0f570beaad66807ba1260b585461b0af5b59ddb2e8a426b3fd4d5a52,968
Model/Spi/TransactionResourceInterface.php,02bd811408cac1cf5196de8df83d536a09dee12a8ca6c41282097b4fc1236064,966
Model/Status/ListFactory.php,f7c02d04e68a23602dad16581e77258ee1e7edc85f22523348e23ab5f3d1557b,858
Model/Status/ListStatus.php,a5b082cfa18ee2c4e92938a57646ff46dfc726b0378a6e7457e7565863309103,3443
Model/Validator.php,4eaf608441ebfe5649f4f518eada9d4775bfbec5c98b5023a579ee9c600f487d,2079
Model/ValidatorInterface.php,be38158cd962325af25340de38c878e9f96677bc5eb38b48cc3916b027e38d3c,538
Model/ValidatorResult.php,78b6bb449b73cc6ea3a315847b1198e25a8c703f12988092c2b854c6ed5378b9,828
Model/ValidatorResultInterface.php,25b64fcf6d934ef0197a2f792121360f9c4add60b014cc032e2b644fa8b8323a,571
Model/ValidatorResultMerger.php,e132b69b199458af548ad50aa354dc1e1e0599e09265ef46109cd67a5ea7dd70,1332
Observer/AssignOrderToCustomerObserver.php,b84d1265cdf81ff60d0473eebb240faff0a2f2cd34d65184e88aa33b7263d346,1836
Observer/Backend/CatalogPriceRule.php,667fa2eabf9de91096cb9d1f7b7d9573a879500f2bb4dd10e9579b60337409e8,932
Observer/Backend/CatalogProductSaveAfterObserver.php,48f8d5351992e57e2877a9f43ba031cb2f1a8319ef148d2c91185ab68ac0cb45,1326
Observer/Backend/SubtractQtyFromQuotesObserver.php,80a2cd4cf0a6624a165a9d8efa99d68f250a8334e5127a882d77649b26d08914,933
Observer/Frontend/AddVatRequestParamsOrderComment.php,46f35fe502560f16fd84b1773f410e8fcb8d635aeb0f4431a8e2aa908b993f5a,2532
Observer/Frontend/RestoreCustomerGroupId.php,99ecf3f374d26ce1aec33bc4633555c5ed9dd286693b31d4acf35a7a389d72dd,1880
Observer/GridAsyncInsertObserver.php,1e46128d773acae1f84299c852fba2f1d8f3434b3af2c32ddd0702619baa314f,1325
Observer/GridProcessAddressChange.php,29a3f0f1f676c51483d0fbfd7f79313350d05594157a21a93ea0969d27c971ab,987
Observer/GridSyncInsertObserver.php,a243973301ef51f24c47815aaada59d7398d1854a5fc2c8a526dcb3dcf34bb4c,1905
Observer/GridSyncRemoveObserver.php,866a54bb653e1dacba0fc2de461341cc41faaea84979819a7c50bc225b700bd9,1378
Observer/Virtual/SendEmails.php,c80fd78f819bd8b85bc1b48b835ae9ba09de3765e30bba86b01c5a0418a256eb,1426
Plugin/Model/Export/OrderGridExportFilterColumn.php,f91d3ae2ce92f44119234613958fbbcb09a9cd147eabf9e735e3a825c5ce0b0e,2417
Plugin/Model/ResourceModel/Order/OrderGridCollectionFilter.php,4f47b1f5b6d5a30f857a7ae1ae29c26ce11316c8e39ba0289ba2c6d84e0f368f,1805
Plugin/Model/Service/Invoice/AddTransactionCommentAfterCapture.php,ede5e86e4d4271c8182b9c45fcb15cc3f3ea7410ce1eeba51275c8d813d42906,1705
Plugin/ShippingLabelConverter.php,24d79f0217b69c322f93366cf256d0c1691dad764cb535ab44dde74385ea6810,1873
README.md,1eeb081039d23e69e9d6bc15a3670f3ec2a279492e988bd0f8c33fca1cdfa83d,742
Setup/Patch/Data/ConvertSerializedDataToJson.php,9a68a643d60240d6db4642ba2f7cbb618fcba9da2ab717c98d02e9e2d8304c04,4453
Setup/Patch/Data/FillQuoteAddressIdInSalesOrderAddress.php,940849b9377f5251e2144e4d3687c46467486b5c5c02e00aac03eff844e78b7d,5646
Setup/Patch/Data/InstallOrderStatusesAndInitialSalesConfig.php,c3835f6e0031f94327ddf831fdb6bc94b61c9db18cef4d07d1c03c7460c03708,6419
Setup/Patch/Data/UpdateEntityTypeModelForInvoice.php,6ab38c878ec9e92f11530fe251c35aa9a50b1ab70bb6f3df74c4fb2aa61756d6,2033
Setup/Patch/Data/UpdateEntityTypes.php,22f73f126ea63f495d09d7ff781f86f7d5b8ca5c3e9ccfc4a5a794da6e30725c,1811
Setup/Patch/Data/WishlistDataCleanUp.php,d5be417fea241a0964e79247015c8ca93aa48c31364129bb6510900fa9641c2b,4337
Setup/SalesOrderPaymentDataConverter.php,c80f7d951dcf22f4761b367e3bb819a231ab94599e2c97c42e1e56f8f99a2926,1163
Setup/SalesSetup.php,f520cd0219ef3352fb8c0dbaad5b418b37950e4dd4e42a1046b76b6666edd96e,11538
Setup/SerializedDataConverter.php,b4cd3e68b38b254df6a35bf9a368c3f70d18ba6408fae4259c824d66edbc001f,1403
Test/Fixture/Creditmemo.php,d52e6b8342c6ec7b9b81507810b7f5bd4e90f00a18f3ce17ef31af755cf2b3d3,5281
Test/Fixture/Invoice.php,a2c4dae4cfc45cdabe43e0222379109f81edbe53dd7a17f725a5a94a6e092c45,5183
Test/Fixture/InvoiceComment.php,042d9ae86c5b9a3fb169d7bee7a4fbc0b63a001a4d18e117bcbb7a2ef291d046,2304
Test/Fixture/Shipment.php,8de0fb489b28305dd09cda1e7ffb5dfd2f554ff3aa5958e8530b941920bed17b,5238
Test/Mftf/ActionGroup/AddBundleProductToOrderActionGroup.xml,7d11e95209c51d61dadee5e77df867c8e0e809bea8dfad686fa1838e4a14871e,1978
Test/Mftf/ActionGroup/AddBundleProductToOrderAndCheckPriceInGridActionGroup.xml,8b0a3d9f39ded2d0b8897b1b4de2c35ccefa15ca0671ec809edc3147a6f70d5b,1238
Test/Mftf/ActionGroup/AddConfigurableProductToOrderActionGroup.xml,29d5efe45b29cc91bebc1cce00969559c085cc2c5b1cb5b7fec40cf7dd8323b4,2304
Test/Mftf/ActionGroup/AddConfigurableProductToOrderFromAdminActionGroup.xml,793dd67e500908c9743f3d7787893451737768ebf194710422e1e568c2eef10a,1013
Test/Mftf/ActionGroup/AddConfigurableProductToOrderPressKeyEnterActionGroup.xml,d494406beb3c6a29cff5ac567c8ef66eddba2b57eaf3f87d2bbe2a448d521fdf,2642
Test/Mftf/ActionGroup/AddDownloadableProductToOrderActionGroup.xml,c4b065efb5dbf01c4dfe95276d3f14ed8dbe0151e4d1fb1ce974bcbd3406da6e,1947
Test/Mftf/ActionGroup/AddGroupedProductOptionToOrderActionGroup.xml,40c269cf77e33af1bfeba89de3d15f8226f2c9db98fa7840d90b3e48dfc58ff5,2061
Test/Mftf/ActionGroup/AddSimpleProductToOrderActionGroup.xml,23619fe97de4602d68829ec8a64ecd3f46bf1b9b6e0f5e11744cb9d0b6ebaf0e,1821
Test/Mftf/ActionGroup/AddSimpleProductToOrderAndCheckCheckboxActionGroup.xml,cf283beb781592d7885aa953a99c5c313ad09f3fb0605b597e9a8daad4c2bb67,864
Test/Mftf/ActionGroup/AddSimpleProductWithQtyToOrderActionGroup.xml,d0d4e84e1fc2b7d55a9a203d12b6757114959551525003e242c1276b114446f6,764
Test/Mftf/ActionGroup/AdminAddCommentOnCreateOrderPageActionGroup.xml,8c7dee3afa1621cd215ceaad718db4b7840e757403100d0cb01240b07aeb5bb7,765
Test/Mftf/ActionGroup/AdminAddSimpleProductWithCustomOptionFileToOrderActionGroup.xml,59d33bfc008d7bb7016a185eef4246b91d6459d42cb3f9eeb51e882a26fdff27,1813
Test/Mftf/ActionGroup/AdminAddToOrderBundleProductActionGroup.xml,f6882059e822a9f0c0effececfaa9bc1f1a14c476a4f2a9500138efbd575242e,1682
Test/Mftf/ActionGroup/AdminAddToOrderConfigurableProductActionGroup.xml,598431259d91b05ddda955f20a6dda26dc9c4aba9ebc83586088c8121925b25a,1691
Test/Mftf/ActionGroup/AdminAddToOrderCouponCodeActionGroup.xml,3fe5c486ad8f4f12d736c9b843916fcf15be765dab50ff8eadb34ae97d112d61,794
Test/Mftf/ActionGroup/AdminAddToOrderDownloadableProductActionGroup.xml,c3c3f818df76b5725fcf02b7ff94f778ed968b967488e4ab29c6f55d45975a8e,1518
Test/Mftf/ActionGroup/AdminApplyCouponToOrderActionGroup.xml,3a53d829ba5fd3d58477e3ad57ecba93b35303371c415639d57cb8cc692c000e,938
Test/Mftf/ActionGroup/AdminAssertActionOnInvoiceGridPageActionGroup.xml,c858d3f5be32da64a0299c36655fc9c6239f4406f5302c454deb53fe0fb1bbb4,716
Test/Mftf/ActionGroup/AdminAssertAuthorizeButtonOnOrderPageActionGroup.xml,af698f7ed61a92a5554a589ba17f5a77691b81492f021a3865ed6ce7d5983ff8,674
Test/Mftf/ActionGroup/AdminAssertCurrencyInOrderActionGroup.xml,4967b8e9e4020d04f2ae60c0b70113a4da6cc8c4868392d4eb9edc2d3d86cd77,779
Test/Mftf/ActionGroup/AdminAssertInvoiceSingleTaxActionGroup.xml,c8a2ed43a666b2d538286853759f883bc5104755e853be43987d229731e10568,985
Test/Mftf/ActionGroup/AdminAssertNoAuthorizeButtonOnOrderPageActionGroup.xml,ebec80d630d405b5c3985b5fd2a03218d32413ba042bedc1ea409743e9dfe0fd,688
Test/Mftf/ActionGroup/AdminAssertOrderAvailableButtonsActionGroup.xml,8f602dc8dcc2fa4c4edec92d9512573dffd20588f287fef6bbf33b9e709d6cd0,1158
Test/Mftf/ActionGroup/AdminAssertOrderShippingMethodActionGroup.xml,ca6dc6f0e90838b7c2b007628f20530a1dd7828d783c7557e5409ad1cef49518,1118
Test/Mftf/ActionGroup/AdminAssertProductByNameInItemsOrderedGridOnCreateOrderPageActionGroup.xml,c9c7b79a0b08c9ba3f3cfd6c5743bbe0c49837cd21218787533ba600751f9ac8,871
Test/Mftf/ActionGroup/AdminAssertProductInItemsOrderedGridOnCreateOrderPageActionGroup.xml,6bde59b99522b27003f2df64782870686d447e3ea9e49fcfd16cb7c82d5a9353,934
Test/Mftf/ActionGroup/AdminAssertProductInShoppingCartSectionActionGroup.xml,3fb11c1a9b4f2883f8c8eb8cbfba7900bdce796770bc742cedfec5ca24a4be65,841
Test/Mftf/ActionGroup/AdminAssertProductOnTheOrderViewPageActionGroup.xml,4a66740eb9479aa0f9c81879472fe4a332fdef3af3bcedd456b118ab3c74d1b2,944
Test/Mftf/ActionGroup/AdminAssertProductQtyInGridActionGroup.xml,6e0cf7b5098eecdc31c7e457ed89d1ee18ffb47a526500671437b5c7f33933c1,1680
Test/Mftf/ActionGroup/AdminAssertRefundInRefundsGridActionGroup.xml,c9222aae22eaea2360c0c0bb047ee815f1c05a86609ee5c08d2f8dcaf69ad38b,2760
Test/Mftf/ActionGroup/AdminAssertRefundOrderStatusInCommentsHistoryActionGroup.xml,3e8df1d20db433372f180023f668bc2e692481e8e0cc27ec1ed2cd4bbc26890e,1342
Test/Mftf/ActionGroup/AdminAssertTotalsOnOrderViewPageActionGroup.xml,2d6b6a6e3ab9b6b7b34ec1370c3ecc2d7d82b3c532af06a33982b7f4db2f87cc,1148
Test/Mftf/ActionGroup/AdminAssertUsdAndEurOrderTotalsActionGroup.xml,284271e692791cb8fc63bd734aedeb8d23818fb0869355599e62b9f7c24d726b,2959
Test/Mftf/ActionGroup/AdminCancelAllOrdersFromGridActionGroup.xml,f87894ca5a77b3b9f6a865a6409d6a9e5bfaf3e07f94935b28311d8bf826e958,1020
Test/Mftf/ActionGroup/AdminChangeCustomerOptionFileActionGroup.xml,62aecdf0f9e4b29d04798b548f61af668905a4527f1b611b11e05b3e7d81880d,1680
Test/Mftf/ActionGroup/AdminCheckIfCustomerIsNotifiedOfOrderCommentActionGroup.xml,a8385e271a6519438ae90bf1b0bcef57bc180f2190c1761e4effc968d0fd114b,1142
Test/Mftf/ActionGroup/AdminCheckLastOrderedProductOnCustomerEditPageActionGroup.xml,3e22a7e5ace06de3c71fd52bc95b03ebbf953ed89dba7949fbd9891fe5897b02,804
Test/Mftf/ActionGroup/AdminCheckOrderStatusInGridActionGroup.xml,1b83bdad8119be7ea805f8b465772e780f8b07622a06ad8871f10848d0ae3d07,831
Test/Mftf/ActionGroup/AdminClickConfigureAndAddToOrderForConfigurableProductInWishListSectionOnCreateOrderPageActionGroup.xml,2eaa4cd0a51bafd7f5784dd8d09ee45b74a2c6025e98f6293b93367b9e7e20e6,1741
Test/Mftf/ActionGroup/AdminClickConfigureForRecentlyViewedProductActionGroup.xml,f59aeccf0e787dc695de64b75a23f5aece7eb19c1d6eb8c6e2d14ce75c3e86de,851
Test/Mftf/ActionGroup/AdminClickCreateNewStatusButtonOnOrderStatusPageActionGroup.xml,65e2dbe566f67e237cea6cf5ce8c70403a4098611ca43e264dc3617b94eb0aba,691
Test/Mftf/ActionGroup/AdminClickCreateOrderButtonOnEditCustomerPageActionGroup.xml,f2e3b5ac8335bc82a49b60c624c74da7dac9260580b44af8b4080a2dff5046fc,725
Test/Mftf/ActionGroup/AdminClickGetShippingMethodsAndRatesActionGroup.xml,00a3b80d3052adf7f1170853d05308c6e6ca4f29df0d698bdc3fc154fc0653e1,762
Test/Mftf/ActionGroup/AdminClickInvoiceButtonOrderViewActionGroup.xml,4fb595c999870612eeadcb918ca4d7723fdbfa63ff5b0ac259c40271e401eaa7,706
Test/Mftf/ActionGroup/AdminClickOkOnConfigureProductSlidingModalActionGroup.xml,5577e006b72b601c66e2bd66d0b4dd1d6edbd9f242936b5962fd1764dcb4cf3b,769
Test/Mftf/ActionGroup/AdminClickOrdersItemOnCustomerEditPageActionGroup.xml,d9ed7b2e9e460d3af24d7d7dfc601e3c8848e7a40a7b7796736e31687584d767,729
Test/Mftf/ActionGroup/AdminClickRefundOfflineOnCreditMemoDetailPageActionGroup.xml,33906e1488629e995780ab2ddeedad3bc23f7629379a19e875e3d1be339ce4ef,772
Test/Mftf/ActionGroup/AdminClickRefundOfflineOnNewMemoPageActionGroup.xml,b671dec35c5eb6cf91a1f64789d4fd56ed14badf604804ea8b3e199176e2ca3b,906
Test/Mftf/ActionGroup/AdminClickUpdateChangesOnCreateOrderPageActionGroup.xml,a53500c39a0da1350388dbd5602334ef986449af2fe59003498537ca45ce574a,736
Test/Mftf/ActionGroup/AdminClickUpdateItemsAndQuiantitesOnCreateOrderPageActionGroup.xml,3126248dbe6fb2c18ba96b633d3eb151e63aa94aa96f04c068732d3955e1f103,786
Test/Mftf/ActionGroup/AdminClickUpdateQtysButtonOnCreateInvoicePageActionGroup.xml,164b335d15545afa2d178b607f6e37f5f587bfa3bfd2c37f8c6518c6b8204e00,749
Test/Mftf/ActionGroup/AdminCreateInvoiceActionGroup.xml,c4f42682b978c4a7cbdfe95b713ef3cfbb090ff4bcbc3dea3a13979f4fa0a306,792
Test/Mftf/ActionGroup/AdminCreateInvoiceAndCreditMemoActionGroup.xml,eb28a29975a58e57e52344281e0915b54352f944dc4e325aff2f9288be0ad2f0,1170
Test/Mftf/ActionGroup/AdminCreateInvoiceAndShipmentActionGroup.xml,c3d0f50c33460b9fa75aef5a81f83a8cde933593bb4f5736b827cebc0999cd76,681
Test/Mftf/ActionGroup/AdminEditOrderActionGroup.xml,383443d727799909324da8cc3b4e24ef88df886b7e6dba209a42ded7109ef4d9,1136
Test/Mftf/ActionGroup/AdminFastCreateInvoiceActionGroup.xml,bb6eca596c9f251b03c6487c651f61392db8230dbdbd609e2bc6fb0d273ebc68,1546
Test/Mftf/ActionGroup/AdminFillAccountInformationOnCreateOrderPageActionGroup.xml,ebc46eb1f7d08e8b64096c9df52787bee6d33040c0376d1223102f93f6524553,864
Test/Mftf/ActionGroup/AdminFillInvoiceCommentsFieldOnCreateInvoicePageActionGroup.xml,878e80638af29d88d72879415f024070701e9f23390955c399247061a7be3e71,842
Test/Mftf/ActionGroup/AdminFillQtyToInvoiceOnCreateInvoicePageActionGroup.xml,55983207f87bf9adf79731d9cbfcc6c8e5ed26ad959b0449ca618143f35f156e,801
Test/Mftf/ActionGroup/AdminFilterProductInCreateOrderActionGroup.xml,0da5cbed66afca0485483c73d76be6c51197a051608ea24d5875b19f576e8c7f,1166
Test/Mftf/ActionGroup/AdminGoToCreditmemoViewActionGroup.xml,36bdc263e443ee0be9e3494c58f9643a20cba611d8db74eb05dc68fa96c538af,790
Test/Mftf/ActionGroup/AdminGoToOrderStatusPageActionGroup.xml,a80e5d8f8539152b692f0267c496b37fbb98ffe072e8c1e191eb10418c2c64fe,679
Test/Mftf/ActionGroup/AdminInvoiceClickSubmitActionGroup.xml,9f9ec3d9f9fe17e848b06633336f9bdd4617dd771ccc6aac72ccf792bf7ec275,714
Test/Mftf/ActionGroup/AdminInvoiceWithUpdatedProductQtyActionGroup.xml,7a99908cdf9cb022fc16ebfa466b34b26a93f71f8fc49c209f217300f2498652,1175
Test/Mftf/ActionGroup/AdminMoveProductToItemsOrderedFromShoppingCartActionGroup.xml,f93bd553725058a3691b4770a7c7edeb4c3e9a494101e83e559f49ba25efdf19,1146
Test/Mftf/ActionGroup/AdminNavigateToNewOrderPageExistingCustomerActionGroup.xml,f03bdefe6c9cc28cc95dcd7a7a08b9998951cc31541702669f17002008ada3be,1889
Test/Mftf/ActionGroup/AdminNavigateToNewOrderPageNewCustomerActionGroup.xml,166db01556c98e920bf4b9939a8a63663058a254a432f0441e9249d64941e06e,1197
Test/Mftf/ActionGroup/AdminOpenAndFillCreditMemoRefundActionGroup.xml,3e8913a5b48f62dcaf8586fbdcc3763083c8c4ab75ba49c7862991dd26b8f2c2,2856
Test/Mftf/ActionGroup/AdminOpenAndFillCreditMemoRefundAndBackToStockActionGroup.xml,d746166a8840aa03266954f561a63bd0917e785289533ff8c787637fd18b23e4,793
Test/Mftf/ActionGroup/AdminOpenAndFillCreditMemoRefundBundleWithQtyActionGroup.xml,2036028c9a902edb7001fd6a248f50e6a6711820ea085340d6e6a63613cdcce5,3404
Test/Mftf/ActionGroup/AdminOpenCreditMemoFromOrderPageActionGroup.xml,e108dbc3fe8829ddd388c860bcc7e003abb4f97375689591db765d44afd81aa9,1027
Test/Mftf/ActionGroup/AdminOpenInvoiceFromOrderPageActionGroup.xml,cd75dc714efbc6089cb060e9cdf6e6c10ea0fd7f984ecee2c3cdee1a33415af3,1044
Test/Mftf/ActionGroup/AdminOpenInvoiceTabFromOrderPageActionGroup.xml,13b85b88fd6229a3296c1a4fd58249f882334d211d08e37340dd4b017a3b3cc7,669
Test/Mftf/ActionGroup/AdminOpenOrderByEntityIdActionGroup.xml,bc810495a2b45beeabd8b0b01ad1095ec8b58845759ecd374d700f88efdd3bfd,579
Test/Mftf/ActionGroup/AdminOpenOrderByIdFromOrdersGridOnCustomerEditPageActionGroup.xml,8fd4be8bcbc8a4ef6fe21e638490fd3717d49b28669ae82ced850de3cbfc302f,880
Test/Mftf/ActionGroup/AdminOpenOrderCommentsHistoryActionGroup.xml,68a623abd033f10c6a60ae898b092719291f0030be74f7d5aff81c5d909b0646,730
Test/Mftf/ActionGroup/AdminOpenOrderViewPageByOrderIdActionGroup.xml,328e86af6455f6a5981c347056fde1a0ed39f1c491ccc826bdb29350fdd3280c,789
Test/Mftf/ActionGroup/AdminOpenShipmentFromOrderPageActionGroup.xml,b9617608f003fee223d1c84dd75d011ea91fc392be61fb4880cd4010371e1965,1016
Test/Mftf/ActionGroup/AdminOrderActionOnGridActionGroup.xml,6ada414fbb76fac7cdcae079cefdbd3d4960c1d8f504aa5046907dfd3d6d8e31,973
Test/Mftf/ActionGroup/AdminOrderCheckStatusActionGroup.xml,3282d577af5d8c1331a09dd0c2a6d3ae1cae48c11a39537322d446efaa19444e,772
Test/Mftf/ActionGroup/AdminOrderClickSubmitOrderActionGroup.xml,6490e3eda2e401b0e823fc8ea0053c6f58598a9d58997013521bbd487fc046a8,690
Test/Mftf/ActionGroup/AdminOrderFilterByOrderIdAndStatusActionGroup.xml,28b897f9158ce617882978a8df3e8391ef0f37a59c4891c21dc6a83e1dc539c7,1405
Test/Mftf/ActionGroup/AdminOrderGridClickFirstRowActionGroup.xml,a981b5127571b5d532b7fc392ee19de324d5fca2cbb27d8545f49433c8ae766e,684
Test/Mftf/ActionGroup/AdminOrderSelectShippingMethodActionGroup.xml,f0a40dd466f1dc5f41e05d77e19b907f0b502e05e46f6286dc3e4f9ac07f82bc,1626
Test/Mftf/ActionGroup/AdminOrderStatusFormFillAndSaveActionGroup.xml,4970097bea27360b42d04251d7c3ca013903b14c8fde6b963662ad618613b750,1105
Test/Mftf/ActionGroup/AdminOrdersGridClearFiltersActionGroup.xml,a89c24b6018e63e87021f6e3e5e8ceafc89fbb55e6fe6cc535e67b9e9d27ff44,979
Test/Mftf/ActionGroup/AdminOrdersPageOpenActionGroup.xml,360db4585313801477fba0dd8150e9096323db7832fa2a24f54d3d59f65e2f1d,656
Test/Mftf/ActionGroup/AdminRemoveCouponFromOrderActionGroup.xml,e7c4d56211579dde5b5fdb035fb6961ade56dfc9cde85c261fd5011815cc4572,881
Test/Mftf/ActionGroup/AdminResetColumnDropDownActionGroup.xml,f88d07f90e3d2f86cae4297ca530b1e278a19610d86c0b712bde2689dfba50b1,915
Test/Mftf/ActionGroup/AdminSalesOrderCommentsActionGroup.xml,9d7a02ce91e4b6669e848fd1f18dccb5e8312651df5ea8258c1d37978d42e284,1073
Test/Mftf/ActionGroup/AdminSeeProductInItemsOrderedGridOnCreateOrderPageActionGroup.xml,0f40ea44d09569ffd3762afa979641e75ee6ca250bf6cbc0fa3d953338c7a65a,987
Test/Mftf/ActionGroup/AdminSeeProductInWishlistOnCreateOrderPageActionGroup.xml,fe2838475ad95a720173eaf190a74301c244eae3c517a8ab8f1f378ee3e0a27f,819
Test/Mftf/ActionGroup/AdminSelectAddToOrderCheckboxForSimpleProductInWishListSectionOnCreateOrderPageActionGroup.xml,c57717eda5d66673e6ebe9c4e1c3174f2329b6fbdb68dba4508d07b42130d349,964
Test/Mftf/ActionGroup/AdminSelectAddToOrderCheckboxInShoppingCartOnCreateOrderPageActionGroup.xml,aa177128892dc5a6a9a72ee8034ddb0aaabe8baf7ba4dcc19d818fa06bba2127,1016
Test/Mftf/ActionGroup/AdminSelectDropdownOptionOnConfigureProductSlidingModalActionGroup.xml,0591dcb5af7c2f9db87bcf10bf30941e867dbb9f060f2c06b432f63122141e63,843
Test/Mftf/ActionGroup/AdminSelectFieldToColumnActionGroup.xml,c729064c0a1dfa4c213558e22b11fdf3cad52e5e49768e16276c613132c1bcc4,999
Test/Mftf/ActionGroup/AdminSelectFixedShippingMethodActionGroup.xml,2a9ef2a9398672f9c1e0e65b71b7b1adb86c52348ec07df1ae660c5d19be37b4,733
Test/Mftf/ActionGroup/AdminSelectFlatRateShippingMethodActionGroup.xml,c55f31f74140fccfb6d76020d32e1c95e9d07c5799d843caedb5cd7c933d4144,829
Test/Mftf/ActionGroup/AdminSelectFlatRateShippingMethodOnCreateOrderPageActionGroup.xml,e7e32d36d765592e267c59eeed8a4a5fbe3946b95efb2a2b4e0e1316e3d79423,1012
Test/Mftf/ActionGroup/AdminSelectStoreDuringOrderCreationActionGroup.xml,9c6ac947e1187510c0bb0a3430a8ead1412ff8cab59a3d9b128c92afd2c70078,1203
Test/Mftf/ActionGroup/AdminSelectValueFromActionSelectInItemsOrderedGridOnCreateOrderPageActionGroup.xml,c1e442cbfc1f04ddeacc0c02a964fd08b4c220206c44f07ac330deaa378af519,1050
Test/Mftf/ActionGroup/AdminShipThePendingOrderActionGroup.xml,c3d1eda9e07d7da4e317cfedf98739fc568ed42b09e100d1da965006a2d5f16c,1277
Test/Mftf/ActionGroup/AdminStartCreateCreditMemoFromOrderPageActionGroup.xml,881adc0216d1a4c49f4e3a65bacb1d6bd78506f954ccba5f7a8d24d76ef49fc2,1133
Test/Mftf/ActionGroup/AdminStartReorderFromOrderPageActionGroup.xml,e32aa93fa7c37daec297d247314763155df0d5f3847113711228ce9486181fac,943
Test/Mftf/ActionGroup/AdminStartToCreateCreditMemoFromOrderPageActionGroup.xml,20471de206cfa57f462a68f36beb9f095258a9013b2ea0b782c55819ceb1f704,876
Test/Mftf/ActionGroup/AdminSubmitOrderActionGroup.xml,01b2e8607a07e3f44d1c6834f3bf1702167e0b50182c8bf4038ba7e5ce23c8f5,722
Test/Mftf/ActionGroup/AdminTwoOrderActionOnGridActionGroup.xml,978ef55ce5a922e063f87c15fb477c6c09e20088fbae365f747883c3b4363715,785
Test/Mftf/ActionGroup/AdminVerifyPaymentInformationTitleActionGroup.xml,f0e4cc6c878a94f3674ca79822a12addf14ce45c5c822c4407788ff48f85a137,772
Test/Mftf/ActionGroup/AssertAdminBillingAddressFieldsOnOrderCreateFormActionGroup.xml,cc18c54f6c598b1a267fbb18bf6344aa6eecc5db274539975bbb2e0355e20892,7242
Test/Mftf/ActionGroup/AssertAdminCreateOrderFormShippingAddressActionGroup.xml,388a35361759984a451ce4ff14f6b2347d713b04065c376563bd6c6c8bc15c7f,4473
Test/Mftf/ActionGroup/AssertAdminCreditMemoGrandTotalActionGroup.xml,ebdc4272232bc8218fcaa5b4786f66f3708945576fca05fe3d900d9b11aced35,986
Test/Mftf/ActionGroup/AssertAdminCreditMemoNewPageTotalsActionGroup.xml,8f83c8fe174b20d0ab309bfa8db46173be04cd1faebd8315ed913f7c8ebaac18,1442
Test/Mftf/ActionGroup/AssertAdminCreditMemoViewPageTotalsActionGroup.xml,4fd3e13e92966e9a08c765e423571c5f87e40ffc20d5c2109396f1112a38a1fb,1415
Test/Mftf/ActionGroup/AssertAdminFreePaymentMethodExistsOnCreateOrderPageActionGroup.xml,6bfe12907d336e65a6659560ce0665a85aff6aa847d856f3cf49f7a78537cc9d,970
Test/Mftf/ActionGroup/AssertAdminInvoiceTotalTaxActionGroup.xml,8bde72d830bf3e56c86fa1255dd289ee20bf04b96e6f30d6953dd92ff6645360,955
Test/Mftf/ActionGroup/AssertAdminItemOrderedErrorActionGroup.xml,1fbce49b01133d82b79a644d16d815b28cec430f8be26dc94ae102db4c1b5887,1025
Test/Mftf/ActionGroup/AssertAdminItemOrderedErrorNotVisibleActionGroup.xml,7121dd7a9d333a673dded0d748fda9b6d191e031a74546c000bf734fa66b042d,1204
Test/Mftf/ActionGroup/AssertAdminPaymentMethodRadioButtonExistsOnCreateOrderPageActionGroup.xml,51f8cc38bc69adac0d3ca44e01eda57a87fda2b83e506310cf2dcb3c19f9c6b7,1246
Test/Mftf/ActionGroup/AssertAdminShippingDescriptionInOrderViewActionGroup.xml,97bbc0625011bb9cf6aeb214b618e28dcd0f15369078330d97b9baa0acc02b6a,963
Test/Mftf/ActionGroup/AssertOrderAddressInformationActionGroup.xml,5cc1764681ae2fdefc983442c42dedc2413a4e582ceecd99d33a442d941973d2,1095
Test/Mftf/ActionGroup/AssertOrderAddressWithStateInformationActionGroup.xml,fc7097c93b74907a86c055b99d782c2bd04e087d5488bc4d5227d33d197f9882,1036
Test/Mftf/ActionGroup/AssertOrderButtonsAvailableActionGroup.xml,0aaf0792685b32505bfcda4e20ef1a7dd4ca0d5eef51cad4ea0495fa3ec76a76,1397
Test/Mftf/ActionGroup/AssertOrderStatusExistsInGridActionGroup.xml,22ee4cffa77378d712bddfe4ca8178fe5eae6897176e1ddd0774d91acb37ac4c,1403
Test/Mftf/ActionGroup/AssertOrderStatusFormSaveDuplicateErrorActionGroup.xml,797d0dcf76144833948da82f284a915ca30ae638c19349fff98908ba26ed68f7,808
Test/Mftf/ActionGroup/AssertOrderStatusFormSaveSuccessActionGroup.xml,73fc49f86f089dc147d2786306eefa09ff2187f451600eb2deee7048aaf2ebd1,745
Test/Mftf/ActionGroup/AssertStorefrontCustomerOrderMatchesGrandTotalActionGroup.xml,84e6133973daddb4bb81aed5011741c78d7bfefe84b5645d6c791db224cf1930,1686
Test/Mftf/ActionGroup/AssertStorefrontOrderShipmentsQtyShippedActionGroup.xml,d1a1a59269d810e9ad617912135a66990839c688af6ee1e354cf5b1821dbd9ff,1050
Test/Mftf/ActionGroup/AssertStorefrontShippingDescriptionInOrderViewActionGroup.xml,710711a757068a5aa0635812279adbe00db0d632ba05d7176d8a79490363898d,987
Test/Mftf/ActionGroup/CancelPendingOrderActionGroup.xml,0fa6dc9a8092de2d04bbd750eaa5fd1c4dd5c7968a4df9a3352483651cb9ebca,1464
Test/Mftf/ActionGroup/ChangeShippingMethodActionGroup.xml,1ec416c86cb3f4b77a813580e9caf771ac7469b8685706b16c6d7ea75b1cd9ef,1455
Test/Mftf/ActionGroup/CheckRequiredFieldsNewOrderFormActionGroup.xml,401ef25457df6712d9431de3f17005fe25009ad46a7a0c432f004626ac522ac0,3314
Test/Mftf/ActionGroup/ClearInvoicesGridFiltersActionGroup.xml,45d88f1dde657566afe8837f59d8567e0defd2800db1a981501bf31043b7bd31,941
Test/Mftf/ActionGroup/ConfigureOrderedConfigurableProductActionGroup.xml,354f1456e7b3da82cf6a7c380155cfc60c2e8c80048376f7751b509f9aa5a1e6,1618
Test/Mftf/ActionGroup/CreateOrderActionGroup.xml,674a750abfe8c8eb87a3c5473fc1e2b16554258f8d076fcd9594bf9c65d65d2f,2213
Test/Mftf/ActionGroup/CreateOrderFilteringCustomerByEmailActionGroup.xml,e9e967de4bcded8c08e6977509ba3330a25d6eb5d3abcc165bfcb3635c43f8b9,569
Test/Mftf/ActionGroup/CreateOrderInStoreActionGroup.xml,74251be8313f6f0f61bcacbbdf7c9085ef4c72ad7469ce4b7fb929001e656475,2560
Test/Mftf/ActionGroup/CreateOrderInStoreChoosingPaymentMethodActionGroup.xml,19d2141715a1e8cb7459445735e3013998852c9e7e04092d469e35df62c6fa01,2923
Test/Mftf/ActionGroup/CreateOrderToPrintPageActionGroup.xml,e3b409a3254e4e67b99383389749f396d56a2f63d45aab2c3a6a4c09b013189c,2412
Test/Mftf/ActionGroup/CreateOrderToPrintPageWithSelectedPaymentMethodActionGroup.xml,674b5fdd19023017b23cf7c1227683c47dd680f62db0b62dd65992d1bb6ec0f5,1022
Test/Mftf/ActionGroup/DontSeeProductInItemsOrderedActionGroup.xml,f834e3e18edfda1a4fb308c5aced89dae0355267d27e62555ce1b729946ee840,633
Test/Mftf/ActionGroup/FillOrderCustomerInformationActionGroup.xml,17c93e8b001bae92030e64d9f2d9c7574ac52c51a53b90ae1632767e9f58cc40,1799
Test/Mftf/ActionGroup/FilterAdminOrderGridByStatusActionGroup.xml,00801a047d16b8eaee7893c217a7b5233e2c87d5d9042ed31d17e6bf66a76f3b,1194
Test/Mftf/ActionGroup/FilterInvoiceGridByOrderIdActionGroup.xml,1d404056a297b48bf53f2dd8c2d8ee97b7542719a198264e1cf1be70156da3f9,1115
Test/Mftf/ActionGroup/FilterInvoiceGridByOrderIdWithCleanFiltersActionGroup.xml,d0ea1301506ab29d049f3ef8c9fc839bfc28e07cc265f44587c5196c58ba08e8,767
Test/Mftf/ActionGroup/FilterOrderGridByBaseTotalRangeActionGroup.xml,e328b1edbe0bd1ce1c30a8bf23271cb37fed4e2f822bcf399b37aa246dca3b8a,1408
Test/Mftf/ActionGroup/FilterOrderGridByBillingNameActionGroup.xml,7d0e8bd6f626ebd5d558b4a1d988ab5b28e045ac5eaf5d1c02525a4f0d49a29e,1359
Test/Mftf/ActionGroup/FilterOrderGridByIdActionGroup.xml,7a534bddd796d4ae22b884e0c0dab3e1670151b4b599e3d88cbb57b6b62c4f5b,1527
Test/Mftf/ActionGroup/FilterOrderGridByPurchaseDateActionGroup.xml,023149bbde23ca16be384e580be338132374a814f355ea7eee5bb29f98fcb6e2,1411
Test/Mftf/ActionGroup/FilterOrderGridByStatusActionGroup.xml,ae79ae74e08dc252210076405064b386b477d049244280f201a35e030855f87e,1179
Test/Mftf/ActionGroup/FilterOrderStatusByLabelAndCodeActionGroup.xml,f45a0e78a697ead031413a865ecc34fc67e814ce3d07fb00755ed480622b3da4,1166
Test/Mftf/ActionGroup/FilterShipmentGridByOrderIdActionGroup.xml,70cc6aed6ba13042af358be563fe9be42d478b2381732a0ab1fd5c42ce988f0f,1199
Test/Mftf/ActionGroup/GoToInvoiceIntoOrderActionGroup.xml,f3bf163295db8e5ba67fe69129aee0f11fff7a8b2ff34c979f4e88306ad41bf0,902
Test/Mftf/ActionGroup/NavigateToNewOrderPageExistingCustomerActionGroup.xml,d2b3f73bdef243ff6a0785e28950222bf259bd7f428c02bbcc9882e0095537e0,3033
Test/Mftf/ActionGroup/NavigateToNewOrderPageExistingCustomerAndStoreActionGroup.xml,34d45ffc3bb06f13a400129bf4f01277dddc6947daac2f2b39cad48b178bf1c4,1186
Test/Mftf/ActionGroup/NavigateToNewOrderPageNewCustomerActionGroup.xml,f14d1204a4f73ad5188418c4ddd298530c81cd76bd35966a9aa2e6621c31a7c9,2386
Test/Mftf/ActionGroup/NavigateToNewOrderPageNewCustomerSingleStoreActionGroup.xml,505896f25a960cf94cb4849642bc4e92ef1822361ab47126d3de78e21913c793,1480
Test/Mftf/ActionGroup/NewAddConfigurableProductToOrderActionGroup.xml,c1cd2238c66b8dbf6165028d06de4317be2d7c2272da82da1fb26837f8ca8405,758
Test/Mftf/ActionGroup/OpenOrderByIdActionGroup.xml,1c171c22ebc478211c1a853a13861ddd32ced11fbdc6813f1315feff15738df5,835
Test/Mftf/ActionGroup/OrderSelectFlatRateShippingActionGroup.xml,aa8ec111c33c5350c07c21702faacd919d50dcaada5d1221d4dbfe94a50f1866,1111
Test/Mftf/ActionGroup/OrderSelectFreeShippingActionGroup.xml,e982dcbd13a026c5f35fb9412200c5fe98e2ead01221ddb1ab741201738bccda,1117
Test/Mftf/ActionGroup/SeeProductInComparisonListActionGroup.xml,8a25740856c908680598b9553babcffa0655a225ce8f358283331811efe4afca,975
Test/Mftf/ActionGroup/SeeProductInInvoiceItemsActionGroup.xml,4a7ffdab17991c672324c10e56daea70bd22ab46ae907a76c43a5f94dca0aa24,793
Test/Mftf/ActionGroup/SeeProductInItemsOrderedActionGroup.xml,6763071ff475c4e5529f5022c4bf12e1427257145755cf6b7cf1d206d7406cb9,827
Test/Mftf/ActionGroup/SeeProductInItemsRefundedActionGroup.xml,fa542417d5ea79cb55bd545cfe30635de264f44f5478d6980a6eb9c155e212e6,801
Test/Mftf/ActionGroup/SelectActionForOrdersActionGroup.xml,a4415ff43963f84b1e2dfc4961fb8c591226f9c8be0c73f834ab02a6c3df9040,800
Test/Mftf/ActionGroup/SelectBankTransferPaymentMethodActionGroup.xml,8ce44772ee3b7f88fbf9f06a20d8d98629db4d1296fadcd72fcdb68e50b1ca22,759
Test/Mftf/ActionGroup/SelectCashOnDeliveryPaymentMethodActionGroup.xml,03af112440bc6f6cfacb1c791654560d335608e193fdec1277c5a1434815db48,767
Test/Mftf/ActionGroup/SelectCheckMoneyPaymentMethodActionGroup.xml,10a7cc7a5ef0b27c9097a8b7a3ac4e1abc4871ae9bbe825270aad11bd83b7125,908
Test/Mftf/ActionGroup/SelectPurchaseOrderPaymentMethodActionGroup.xml,4246d872cab495b0e3c67836c04d6c569db46cea2b396d914107cf4cab92acf1,1029
Test/Mftf/ActionGroup/StartCreateInvoiceFromOrderPageActionGroup.xml,c8033e5f1fd32981851b67b52a723d7eda3e27e16db00241b832d5c0b467df23,908
Test/Mftf/ActionGroup/StartToCreateCreditMemoActionGroup.xml,a56c798ae3cdace3c9e377fd144f3e03c13833094b111bd7a796b191a1c9118c,905
Test/Mftf/ActionGroup/StorefrontAssertSalesPrintOrderBillingAddressActionGroup.xml,a7be7da4a7520be56ec89d49e8396bf425112bceb9122e60d41ad43f32a297ae,1704
Test/Mftf/ActionGroup/StorefrontCheckRefundGrandTotalActionGroup.xml,ffddceb50149825e2b16420d1f07d7e31208711f1ab4442f85daf6f4f528353e,784
Test/Mftf/ActionGroup/StorefrontClickContinueOnOrdersAndReturnsPageActionGroup.xml,4e54d08dabde005850659bc0d118c47116a48cf53784092fa55da02d8541b20a,725
Test/Mftf/ActionGroup/StorefrontClickRefundTabCustomerOrderViewActionGroup.xml,15f36e96d8e6a30212274de797273e57b5b1bdf0517fa79a9ef5c0197a31dcf5,702
Test/Mftf/ActionGroup/StorefrontClickReorderOnGuestOrderViewPageActionGroup.xml,d5f4c6817fe7b3ebd2b5cea1b347e10e8677d8374c60452b0884558504dc659a,715
Test/Mftf/ActionGroup/StorefrontCustomerOrdersViewOrderActionGroup.xml,5fa752363e957e1a454e713fa62d44f812cee42389fc7e5b4f207875e7f8e9ee,994
Test/Mftf/ActionGroup/StorefrontCustomerReorderActionGroup.xml,3618b41d9c48f9a8057185ad7805ece649dbc8be5ce7aa2469829709b2f5d747,1186
Test/Mftf/ActionGroup/StorefrontFillOrdersAndReturnsFormActionGroup.xml,9a74c4279fce59eb6a7f3e5671544b43669044ba4b72e3e08034b432b82230a8,1116
Test/Mftf/ActionGroup/StorefrontFillOrdersAndReturnsFormTypeZipActionGroup.xml,aebbf61a06510ce7261f517567c48336e0f042ffa4a7ac36c684476ef8a029a5,1171
Test/Mftf/ActionGroup/StorefrontOpenInvoiceTabActionGroup.xml,9aeb270877e65beb82bc477c62547d3ce62d8f52fdff5ba78b93ee93ab995899,696
Test/Mftf/ActionGroup/StorefrontOpenMyOrdersPageActionGroup.xml,c9a0e18c33403d20b4b4e9f0eae464263e1743d6f031dc706926a06570e22157,664
Test/Mftf/ActionGroup/StorefrontOpenOrdersAndReturnsPageActionGroup.xml,e1c7d4de8c7b91a220e4676df1552f031fea8a6e8cdde8db6eec79b65846307b,700
Test/Mftf/ActionGroup/StorefrontOrderActionGroupActionGroup.xml,8ce39be1d3c6b113b24e77ae50f95ce20362c81d8b9ce7601c4b90e3678cd1e0,1804
Test/Mftf/ActionGroup/SubmitCreditMemoActionGroup.xml,056877bc797fdf2fb99ff014ad8d5d14f171cb76403581782c08c617585ab0b2,1173
Test/Mftf/ActionGroup/SubmitInvoiceActionGroup.xml,368f7d6cbf3ff674847e8c65ded4c3e042e2cabf0a8376bdfee1622acfea4e1f,1188
Test/Mftf/ActionGroup/UpdateCreditMemoTotalsActionGroup.xml,baad2d590d87e4e98d909f1fa979fa49c1e6bf2bf0a6fe6ed3f9a8d44eb1b412,633
Test/Mftf/ActionGroup/VerifyBasicCreditMemoInformationActionGroup.xml,a028846908aa1ea628e961cbe37ebdc3165987ce1fc28973ec8a55bc1e49451b,2739
Test/Mftf/ActionGroup/VerifyBasicInvoiceInformationActionGroup.xml,4fd7ac4fb23404488c9e3b1ae053663609542fb73506d346acb50084125383e2,2633
Test/Mftf/ActionGroup/VerifyBasicOrderInformationActionGroup.xml,f1b95fe5ab9d9db4e1eb4bf748ddf30b73f60e4f4fa0068afdc38435110aebbd,2557
Test/Mftf/ActionGroup/VerifyCreatedOrderInformationActionGroup.xml,46e9582993685e1bca19373c026428e58a52ed6062677ff4be4855e50abc3779,1155
Test/Mftf/ActionGroup/VerifyCreatedOrderInformationWithGeneratedEmailActionGroup.xml,9704e83d110d89601a8e19ca072cd1acd4a24149eb33a56e30491f05034f2902,830
Test/Mftf/Data/AddressData.xml,b9f9a0620980814b7f556d62f512d223e986624fc197d1e826128967bc230298,1790
Test/Mftf/Data/AdminMenuData.xml,13d02b56369aa20983534fec9bbb602f75c2883d112acde45e09c84836da5d50,1824
Test/Mftf/Data/AsyncGridsIndexingConfigData.xml,a0fb052ded1e2e49b8de0eb34b76a9f25e88693643d524ff287477c115686c2a,515
Test/Mftf/Data/CancelOrderData.xml,76cfe9a650fbbb2d3ec9bd86bdaf21f8c6ba63b99e0183a76f21192b41c94e19,468
Test/Mftf/Data/ConfigData.xml,86a06e05360ac015f626dc951eec59eed3973166be347b86552f1475d1d062c5,1772
Test/Mftf/Data/ConstData.xml,3bb97238442290a6dc757035a934950fb970275c9b43399432fc4f485429dc31,486
Test/Mftf/Data/CreditMemoData.xml,504bf56ee30896478c6836431702c8f5e716fc214d08a3ab7f8c2dbf2cd587dc,466
Test/Mftf/Data/DeveloperConfigData.xml,ae3fd031625062912dfc703b36fde288a3963741188d0d8ab71ac4b9c3f2ac5e,765
Test/Mftf/Data/HoldOrderData.xml,7ba2f935140c34bd27d94ecd718e950913834f08cccc7318b5f47f98a9e1a700,464
Test/Mftf/Data/InvoiceData.xml,09ae800ff8016179eb94ab4757d671ccee5308b97d118f198c3a5933bdbb840f,460
Test/Mftf/Data/OrderActionsData.xml,83d618c1decf6d40a1ab990e6e18c902952d52aad65b05fef47e33bec5a45277,813
Test/Mftf/Data/OrderCommentsData.xml,a7a180c1512f2b9a20099c7393cd6815132a87e7931518790fcf18ed26fcab4f,678
Test/Mftf/Data/OrderData.xml,07c3da5e89311899077054714577cdb79b342fcd95b08ad052abce2edf3a1980,1911
Test/Mftf/Data/OrderStateData.xml,75065963ae949f18ba45696077398a4ad331f5236239cd598bb44d557daa13d1,763
Test/Mftf/Data/OrderStatusConfigData.xml,e396bcc71f16ff74b271f8ff134690a060b85bed8899624d805bf8b9f631e3d6,1921
Test/Mftf/Data/OrderStatusData.xml,c19376d418a831809d003a2145d4c2c7897238af6352a0f706874a03d1c48ad9,841
Test/Mftf/Data/PaymentConfigData.xml,07795758e12b66fc5c2b228558c44a7dc46ce301fb4a791f17aa22e8e27a49e9,1541
Test/Mftf/Data/PurchaseOrderNumberData.xml,445b9cfef9fb9fbeeb003c40a361082f78186435a32670ab7a8032e3fe9ead35,440
Test/Mftf/Data/SalesConfigData.xml,f19356a6b89bde284d95be1efd87097fa1bbd93e7159a9247a37b94f5a8eb74d,1702
Test/Mftf/Data/ShipmentData.xml,1769ec04fb6e0f4f7f14e5ca40a288c17d7516a8393dd834ce3100351e1bdd43,462
Test/Mftf/Helper/AdminProductPage.php,e152b7fd8141f0edf7811dbbb4b3e1f9dcf5b0cfc563ab965a4d7c5237d3d593,1174
Test/Mftf/Helper/SalesHelper.php,c9c2e7b8de86422c05f93097fc06a325df690f78b844d3fd6a456c4d5003241b,4857
Test/Mftf/LICENSE.txt,4c8537fd5431aafcb0ab22c49cba68febb59dd3595210f6c6c3b9212de0a7b49,10364
Test/Mftf/LICENSE_AFL.txt,49d9aa4c0615ff95305681c358fa1575f54ed3a512b016f61c71d6784860dd8d,10376
Test/Mftf/Metadata/CancelOrderMeta.xml,46c5bf6e662ceef85dcf9f7adaa947ccbc09ce6cb17932e94d01f139a3b36400,657
Test/Mftf/Metadata/CreditMemoMeta.xml,fdeeff6e8159ca2487ca65c38f69174aa386b81204a3a8f0305db3a7b33a21ae,655
Test/Mftf/Metadata/HoldOrderMeta.xml,e3a8c97d5ec099a101864c30e950a7b15c0414488c1c958a85a08711ace1cd5b,651
Test/Mftf/Metadata/InvoiceMeta.xml,0e362b56cae850e597986a0e239976b8d126e0f2e0ae802486508ce0616ab148,649
Test/Mftf/Metadata/SalesConfigMeta.xml,167cf1f04b80faf99ce80f4ab13c078564d09f618a19ff7ab4a77f59cd1d917b,1067
Test/Mftf/Metadata/ShipmentMeta.xml,183594e0d972165a0fb058fe426ff362c8036008c138d3205f0a188fe3d2291d,648
Test/Mftf/Page/AdminCreditMemoNewPage.xml,e7e9a554669af5a02dc80578748a8d1e17f9d89f84b37b1898077d7247078d9a,740
Test/Mftf/Page/AdminCreditMemoViewPage.xml,2502a4f13c02ca07d7765e8ae3286bd3c6b844d2c31fec0de04a4e5cc0b4cb7a,552
Test/Mftf/Page/AdminCreditMemosGridPage.xml,b93ab740fa457c6ecfc4313ce1ebffaee5242335d9bd60de8007fafd8def32f7,472
Test/Mftf/Page/AdminInvoiceDetailsPage.xml,2fb8dba31608d673a9e35d3e898725f091eec7dabb518de3cd4c34a514545ea8,495
Test/Mftf/Page/AdminInvoiceNewPage.xml,a3a29576aa2ee4462dad5529cf1c842d9f69f7529ef47df47b140296a6c181a8,776
Test/Mftf/Page/AdminInvoicesPage.xml,5a5cd11c627e5d48ab701a6a17725c795bba34f72e9ff70eb29398895cbdf423,569
Test/Mftf/Page/AdminOrderCreatePage.xml,d342ef15b50d14cb87cff8affbb80685ed76ae5ecdc8afe56e377316d4592fe2,1115
Test/Mftf/Page/AdminOrderDetailsPage.xml,5a58e3f9ebcf0d8c094c54abda0cca1a86d0f22137d34a87e4032130112b5a9f,1183
Test/Mftf/Page/AdminOrderPage.xml,2d2e04972372623538d230cd23a99e1ce378d59dc2845f7caf2f8a95671dc413,447
Test/Mftf/Page/AdminOrderProcessDataPage.xml,7f3336b2c14c52815229563aac1fda31253bdb2cb7c245a7f28fdec43c8871e5,485
Test/Mftf/Page/AdminOrderStatusPage.xml,62982c3a0c6addfe3b364f32106838f75fadc50d7f261b3febd15544f4d4101d,470
Test/Mftf/Page/AdminOrdersPage.xml,1b41531fa4c0446ed768b2ca057cfeda4a7e451d696c4b7466b01b99ab3001ec,454
Test/Mftf/Page/AdminShipmentPage.xml,f9e6ed8794114f0b8e23fd95157beaaff67244d6abd712e27e4794b3b7c6c23a,519
Test/Mftf/Page/StorefrontCustomStoreCustomerOrdersHistoryPage.xml,8de32a0e6b109f748fff142579d21784688d18cbc5cfc4b09ff0726e6adf756e,546
Test/Mftf/Page/StorefrontCustomerOrdersHistoryPage.xml,334471b15d1b2f23a73abb3d9ecc537153c88802dd412f586e78d4c4ec39fac2,499
Test/Mftf/Page/StorefrontCustomerSignOutPage.xml,e8493e1c496a02b2e3f69e1bd975b46474d1c5b6f3953df72b820d39276c1024,429
Test/Mftf/Page/StorefrontGuestOrderSearchPage.xml,62286a71b04a8b65c3cde5df6c0796135650d8d4a4dcc1d1bc11572b2616ee89,489
Test/Mftf/Page/StorefrontGuestOrderViewPage.xml,287bc97806de6d9aeb1840430a5cfd4442cbb9de25a60bcd799606bd8379b414,485
Test/Mftf/Page/StorefrontOrderInformationPage.xml,81900479aacbce1a4b3526c9b90ee0431a6d789c2452508d9b6fe29c1df262d4,492
Test/Mftf/Page/StorefrontOrdersAndReturnsPage.xml,101026ba7698b497c01a8c89d87f831a8d444657785f70cd4f021afba89567e8,497
Test/Mftf/Page/StorefrontPrintOrderPage.xml,8f27e3412ab6f0c8d2132e8685f48cb6dcf649a699fbfb794e38b2f4a5ac2113,522
Test/Mftf/Page/StorefrontSalesOrderPrintPage.xml,13551f468a924ac362b76db3a3e786a77214fdce4a9f4c203732af67d2530a3a,528
Test/Mftf/README.md,551f75e4a68c56b9f10770fbc07c0022d0231291c7dbae1e9f4365b25faa38d3,83
Test/Mftf/Section/AdminAssignOrderStatusToStateSection.xml,09a3c4de0443b733ec8e9657dd1bec3136f7d795be429ade81e4a5e124e658e0,795
Test/Mftf/Section/AdminCreateOrderCommentsSection.xml,f43f5ade3cbc36f09b4e5beedbe8bdeb760a21e8b28e0bf60b45222fb1d02615,468
Test/Mftf/Section/AdminCreateOrderShoppingCartSection.xml,9b45cd61badf2bcb4d9122b82987f90986c89cd3dcbecaee1453716ef1d6692a,687
Test/Mftf/Section/AdminCreateOrderWishListSection.xml,77bb98aa61e6afc5c33fc91aa00a3517b65e8144322041454214720ad359b747,925
Test/Mftf/Section/AdminCreditMemoAddressInformationSection.xml,ece96275f2d8955dc511b043ae4b9b4cf25fc53c3a203d1f64cc56384050ccd7,791
Test/Mftf/Section/AdminCreditMemoItemsSection.xml,8297b25e8cd3e5fe2b69e11a4a1a355e05f5615b7c59f5379935b4b5b7787e07,2735
Test/Mftf/Section/AdminCreditMemoOrderInformationSection.xml,4a54015bc3a37931f60ef42cd70bff0eb897547f2b9210aa842f5fe514de4541,1243
Test/Mftf/Section/AdminCreditMemoPaymentShippingSection.xml,46cc0728ece5cd713fd815eb9a46a0663abcac1a4ce53cda2cdf369af3641cfc,1096
Test/Mftf/Section/AdminCreditMemoTotalSection.xml,fd7cf1a0a3a0bcc9d7c50d55edc69fef24b88c8a215791c8cdaf9e3d4f2d5a89,2535
Test/Mftf/Section/AdminCreditMemoViewItemsSection.xml,185784cc23d57524279d7cb343ea758d0b66e407061424e1514ed03db996d9fb,747
Test/Mftf/Section/AdminCreditMemoViewTotalSection.xml,4f122e8d795fa8df6a0c2b8b3f3e6acdcf4732554fc597602cdbe02b8b1219f6,933
Test/Mftf/Section/AdminCreditMemosGridSection.xml,55953e0ee1887bd6b5d7f9efbc575e6b249464c8b31955ad84843eb412105f9e,1615
Test/Mftf/Section/AdminCustomerConfigAddressTemplateSection.xml,9c7bbb8c6a38314c1bb46b1d609f8af4a8394b6265dbcbc13d14972951e838c6,1156
Test/Mftf/Section/AdminEditConfirmationModalSection.xml,89f894d16e4ba8944fc9cd9f03b52b2c845fdec77d9d06f57013b93aa88b5ce4,612
Test/Mftf/Section/AdminInvoiceAddressInformationSection.xml,12da8fee0de0accd754d99ec395021d8aa49c0289ff132b91006f227ba973cec,788
Test/Mftf/Section/AdminInvoiceDetailsInformationSection.xml,c1b3f7bfd4a42ed5d1be54e5b7378aeec4a9a62a3a382af8820a9277c7b6dd0a,462
Test/Mftf/Section/AdminInvoiceItemsSection.xml,2163dac18245d6a184ab62aae65bf346a81b2f0268ccaae0693af942c1591d05,2906
Test/Mftf/Section/AdminInvoiceMainActionsSection.xml,547de9f89e992ab671a7647206f22dd33f18fe442b94d146451be81a4ac588e8,764
Test/Mftf/Section/AdminInvoiceOrderInformationSection.xml,1f4ee9b6de04cbb51ce3ed4de3763f028a1b7bec44f665c01ced4f7788e3be33,1330
Test/Mftf/Section/AdminInvoicePaymentShippingSection.xml,55d9bc56e113da3357414b9c40a047d71125d81fbcab998784275697582c2c49,1587
Test/Mftf/Section/AdminInvoiceTaxSection.xml,60ca45e6cd094ec154c60e2b264b704ecbda1cb37168b123c57fc7abf1f85e25,554
Test/Mftf/Section/AdminInvoiceTotalSection.xml,2347c24b52ebb5c704812f1f9290ca0f058e30496f026b8593f5584fbe96f834,1290
Test/Mftf/Section/AdminInvoicesFiltersSection.xml,8ed5f0bd465de7a03716ecff1ae7d9b7c24305d11391b952f6b29de225792c11,586
Test/Mftf/Section/AdminInvoicesGridSection.xml,3db2f04088dc1265e3ebce606736f4c99dc7d0fdb9ab2db2bc4bdc9ff0dc1153,1099
Test/Mftf/Section/AdminOrderAddressInformationSection.xml,2f23085ebc6ab0b9502a48978722617671cbfa1badd84db99258c1742a4b77b6,576
Test/Mftf/Section/AdminOrderCommentsTabSection.xml,b1506a35ed7a87bf5c8d41095b42758b1f8b27c187f961e93b17fa8ebd1989dd,832
Test/Mftf/Section/AdminOrderCreditMemosTabSection.xml,bfe0db7dab63251fb0db518ef5c9c1ac60a34cbc23ec735da2058d38eb4a78ea,1178
Test/Mftf/Section/AdminOrderCustomersGridSection.xml,a098df15826570a2aa0a210eaf710f64205dcabdf098fa1cc9fbab746c44e352,988
Test/Mftf/Section/AdminOrderDetailsInformationSection.xml,840cb7b19e9f25abdd86c4ff3928ca301a3586f7e324d8e186e5fb9099f89ca6,2464
Test/Mftf/Section/AdminOrderDetailsInvoicesSection.xml,a5948aa5531d05b05e4223def94a2838b379b92d12e0f46a23fc22f1d94147c9,553
Test/Mftf/Section/AdminOrderDetailsMainActionsSection.xml,431e242d8001e73cb7f179ade7e1d958928480029ee80a0d1bc3a99ed634ae2b,1927
Test/Mftf/Section/AdminOrderDetailsMessagesSection.xml,9d04956668b264eef47d949b262e95a2088b24719c35b5067cd2819ec8ed9ddb,466
Test/Mftf/Section/AdminOrderDetailsOrderViewSection.xml,6725296d0cfbba60fde7a8355b5c33b966df814dcbeb2ee2a685f7c16198810d,886
Test/Mftf/Section/AdminOrderEditMessagesSection.xml,66a9d5c7f9684dd2d76d0620908162efe847102e6651b07b1fd54a69bf4bf329,452
Test/Mftf/Section/AdminOrderEditShippingAddressSection.xml,f47f0cf9ee22c72731c8214099af8bb14c74898e3f2dd0297313f43e8e9b387b,1690
Test/Mftf/Section/AdminOrderFormAccountSection.xml,22b831954ed214a4377847db62aab7e0ed42f2a956bf0a2890dbd241b9a97a31,991
Test/Mftf/Section/AdminOrderFormActionSection.xml,007e3e47f541d2e7b1986b153a9a67ea4cd7fef9cdd3025e21fbb6b91896a1bd,1108
Test/Mftf/Section/AdminOrderFormBillingAddressSection.xml,dc41c65d6966845d744de56764c7604c44eb81dc0bc0a97c10128ca949793385,3460
Test/Mftf/Section/AdminOrderFormBundleProductSection.xml,fdf1d7164e394fc0456ed57194f8f221d455f0f2e21a4afe992c74a59ae88068,604
Test/Mftf/Section/AdminOrderFormConfigureProductSection.xml,e40501944e7838ae53ecb250cd99c70fdccbaeee8dad6850788f69948af08c56,1883
Test/Mftf/Section/AdminOrderFormCustomOptionsSection.xml,88963113c0ecc8c7f77ac2e0fffa5a197dc5c6563554686a524241202bea898d,875
Test/Mftf/Section/AdminOrderFormDiscountSection.xml,115448010d360e2296d6953b54e4cc2ba814d44242079951e731609451d0f699,598
Test/Mftf/Section/AdminOrderFormDownloadableProductSection.xml,fb82709602a02d5cd463fc232eef3dfe1d6dbaef92fc92496d8f088f489b5c6c,784
Test/Mftf/Section/AdminOrderFormGroupedProductSection.xml,646d6290ccf39088d60e319c26196690b6428feb9b22d162d0030d77950be674,671
Test/Mftf/Section/AdminOrderFormItemsOrderedSection.xml,448e141554619e7d0d8580e4580a69c63770066a73ed60bb2e20cfd3a1838027,2034
Test/Mftf/Section/AdminOrderFormItemsSection.xml,71324a1bc563249b4d533c00b3dee51c33393beec5eb0e84c5e7dde74522c8b2,3941
Test/Mftf/Section/AdminOrderFormMessagesSection.xml,a2e8464f7debb9d027d8bea749206cf8d8878a1e6af13f2efc431f4008c60dab,686
Test/Mftf/Section/AdminOrderFormPaymentSection.xml,aadcceb22905a8940ddec4b6bf646d10d56b98535aab353a0aea6b605cafbbac,2584
Test/Mftf/Section/AdminOrderFormShippingAddressSection.xml,5442006cb1562ebdfab0527be387cf7be64ae04251cf24e3c099deb768511521,3132
Test/Mftf/Section/AdminOrderFormShoppingCartSection.xml,bc655fa142f9adf39507ba5f7f77b86d6c5c12cb1f6a62aebe94e04cfa97588c,781
Test/Mftf/Section/AdminOrderFormStoreSelectorSection.xml,36df15e48cde9862a086e5ded97b0d1326401511089731447f622fdd07e82bed,639
Test/Mftf/Section/AdminOrderFormTotalSection.xml,af0665ba32084e6aaa05e82054fbb8446c49df2799794dcf62c5d79b1b81feee,1019
Test/Mftf/Section/AdminOrderInvoiceViewSection.xml,9edae0a26366a3c53929d27817e0980912a6e28b340b6bd9825c8ed160bad633,592
Test/Mftf/Section/AdminOrderInvoicesTabSection.xml,5a94a902bc31a50164d1e0834a13ac7493037c9bb0d22a8bf524e95307eafc9f,1887
Test/Mftf/Section/AdminOrderItemsOrderedSection.xml,bc5e4592bdfbb7f03d9a1fa0be5693b9cbfc188446c45cfdc96f39f1db645259,3795
Test/Mftf/Section/AdminOrderNotesSection.xml,ca8b69a898071452653dc31fd836f610460b526b24550b39a0664cc904279cb8,607
Test/Mftf/Section/AdminOrderPaymentInformationSection.xml,899ca6e4dd3e372ef5b62c2e7c1edc189177a25fd0ffee2c2b44dbe559d88885,723
Test/Mftf/Section/AdminOrderShipmentsTabSection.xml,30855a97aad6c953ab3c5b7f51d5161a380a91ce79414d8d59521910251a746e,1935
Test/Mftf/Section/AdminOrderShippingInformationSection.xml,0866511600207395acfa596ceb132f9ab6c9d74cdd4d0bd85d53175ca54a124c,633
Test/Mftf/Section/AdminOrderStatusFormSection.xml,5304e130c2f0156fbd9d4286a26deabd127b748f53509b84073e12990ca8376c,556
Test/Mftf/Section/AdminOrderStatusGridSection.xml,0bc8d75cec4078e0e2d7f7bedb0648b9e28b79defac715b39f86db1dced8807e,1733
Test/Mftf/Section/AdminOrderStoreScopeTreeSection.xml,c04b6985af641a933546b3adbc6240811f231eb769829c6bdf6e9fdcb344c2bd,843
Test/Mftf/Section/AdminOrderTotalSection.xml,b0f844eb255cd07bc8bdcf7eecd042a8e9cc4a51da8a590bd0a44f6f3ccbc108,3121
Test/Mftf/Section/AdminOrdersGridSection.xml,53de0a4f44a822fbf907f4cb7ad34cbdd1b2eb173d881942d5f08f8b05e1630d,5794
Test/Mftf/Section/AdminSalesOrderCommentsSection.xml,5fd084afd6111f0a53031ccfcfce9e2414285e2bf9d9bb5751e9a395617c6524,659
Test/Mftf/Section/AdminShipmentsFilterSection.xml,9e9ed6e0e5e706551cc95d9f66aa830a759c4cd8128bdeaea1c5dd4dc87b878b,588
Test/Mftf/Section/AdminShipmentsGridFiltersSection.xml,6c16230adbbf9823eaf988cf4164588fd3ef3fc5045a3261140bf50ae06fcde1,479
Test/Mftf/Section/AdminShipmentsGridSection.xml,7b7a0df4ce8e3e99c345c473551b33910bbf9387b8988d736f3f1cd793eb150f,556
Test/Mftf/Section/ConfigurationListSection.xml,26c12687d8e2cfe1b3593190218d5a788d93090ccf122ab1f45d63cf824ab6d1,628
Test/Mftf/Section/NewOrderSection.xml,8b4bf03593b27c1e47173511caeaf7c71bd0f576344a388cd568d5e731449b41,2002
Test/Mftf/Section/OrdersGridSection.xml,0a6faefbcbbcfc28f401952d8e4bbffc4545a6c5fb36c30495c1cd06cfbfc257,3978
Test/Mftf/Section/SalesOrderPrintSection.xml,84b8ac88524ccdcf4d0b8e43c068899ff76df8e0d7ac55c352772195bdb9370e,457
Test/Mftf/Section/StorefrontCustomerOrdersGridSection.xml,b2caf95287c3281455fb590dbb921e792e8ac9008a90f7d42857e5efb52d5c08,857
Test/Mftf/Section/StorefrontGuestOrderSearchSection.xml,e0bf27bf99ca547058dd8123d9ab363a93dda6e2e3ddff258a25b037f9e8f227,859
Test/Mftf/Section/StorefrontGuestOrderViewSection.xml,2e734bb380278c7b74b6a7480210e6933a2e55e3a5cb3249c525a89efb6359ea,754
Test/Mftf/Section/StorefrontOrderAndReturnInformationSection.xml,7b2fdeced4370469238f7308fb50783aedb39523b91c01a5730e893df1465dde,990
Test/Mftf/Section/StorefrontOrderDetailsSection.xml,376d0743f8cf42051523879f9501cb2f7bb7f61ef12284b15013d6aa583448f4,1597
Test/Mftf/Section/StorefrontOrderInformationMainSection.xml,63cffce8bed050f702762e506c74a2f2dfa8812141959ca663f96f5e4bd53332,707
Test/Mftf/Section/StorefrontOrderInvoicesSection.xml,9377502f0ae3721f52cd3ffdd71795ae76e23d3b51521a07b00ddd28b646ee30,574
Test/Mftf/Section/StorefrontSalesOrderShipmentSection.xml,112673e01194f7cd4c2ec86dff61dacb5ec83e99673264e3915e4bd858743a8c,486
Test/Mftf/Test/AddConfigurableProductToOrderFromShoppingCartTest.xml,5faecbfe604c21fc278198ebe74311f97621861857bb529dd58a30375154eeac,7139
Test/Mftf/Test/AddSimpleProductToOrderFromShoppingCartTest.xml,cb26c826a5848acc768d2a82aa4a217685c672d444021c3ac7d3bca56f8f9374,4561
Test/Mftf/Test/AdminAddSelectedProductToOrderTest.xml,7335b58571086a8136988aacb16fca5aba37097913bdd56d2b6051c5897752fe,4053
Test/Mftf/Test/AdminAvailabilityCreditMemoWithNoPaymentTest.xml,3035041953b0ff5b4967d3abf7460a9eb3a34dd046549b46d2fad8e9f93e38b0,5454
Test/Mftf/Test/AdminCancelTheCreatedOrderWithBankTransferPaymentMethodTest.xml,899addd584efcb1e9b1a6bf44c1f0a8fafb98b000826518604a87b132dbfa53c,4418
Test/Mftf/Test/AdminCancelTheCreatedOrderWithCashOnDeliveryPaymentMethodTest.xml,cc51a2b14c6bc60456a42721b4c94c70172e9aac9f54c1c6ebb94fc38fa7c471,4787
Test/Mftf/Test/AdminCancelTheCreatedOrderWithCheckMoneyOrderPaymentMethodTest.xml,4e90d4d04923eb9ec68ddc5319b62877ce087e7d8a48c2fc1a33da412a352f91,18903
Test/Mftf/Test/AdminCancelTheCreatedOrderWithProductQtyWithoutStockDecreaseTest.xml,f1b1ddf81f1d071fb0dd292ce6a39d533b43d1f89a30f8f514ea5390d69c4e53,7342
Test/Mftf/Test/AdminCancelTheCreatedOrderWithPurchaseOrderPaymentMethodTest.xml,c75600e6ec78635a8453bfca005b50a2a2160ddbbd29850516e888bad674541e,5141
Test/Mftf/Test/AdminCancelTheCreatedOrderWithZeroSubtotalCheckoutTest.xml,21a4b831f127592998c4bc7aa7512cfd6b3d4497c96adaa42fef7d0579bacf07,5118
Test/Mftf/Test/AdminChangeCustomerGroupInNewOrderTest.xml,0e364ac596ed4d1ec14bb23bc6c95c87a06cf4e36061619cb382a0cf5d2947ea,1735
Test/Mftf/Test/AdminCheckNewCreditMemoTotalsForFranceTest.xml,b3e4fc5d4e165b06f44926bb393fd77778a56f6a6fe2588ac1c4913b37833bd7,2662
Test/Mftf/Test/AdminCheckingCreditMemoUpdateTotalsTest.xml,6a1bf58e320fd76be424c74c0c445230599d329721d547245dddf89e4bda6453,4514
Test/Mftf/Test/AdminCheckingDateAfterChangeFrenchCanadaInterfaceLocaleTest.xml,085cd1f36b776c2f25acb617cac06251b2aa06250b08dc7d48884e2adf4cf98b,5274
Test/Mftf/Test/AdminCheckingDateAfterChangeInterfaceLocaleTest.xml,7e8bfded663a33c4eda4ec1f100b9f8f332e82dd7478a01dd90a3b8688dbf047,5031
Test/Mftf/Test/AdminCheckingFieldsFilledFromDefaultBillingAddressCustomerInNewOrderTest.xml,e47adf0bdee52bec5474325a85dbb513b836976b3ce8bf62fde2cb674f228a0d,1777
Test/Mftf/Test/AdminCheckingPaymentMethodRadioButtonPresentAfterReloadOrderPageTest.xml,2711712156df08a656366270d04e621af856aaca406d01abfab6f29af7c7be79,3974
Test/Mftf/Test/AdminCorrectnessInvoicedItemInBundleProductTest.xml,c86f13377a35c8183d3973f2da40334e24d0e4f3b377973b105234b83ef76f3f,5412
Test/Mftf/Test/AdminCreateCreditMemoBankTransferPaymentTest.xml,4e44a7e3a0bcb77420762a5290ac5fa127f26fe7b2d56489995e194601b5c3ba,9370
Test/Mftf/Test/AdminCreateCreditMemoConfigurableProductTest.xml,0f80339a40f9fa698d22e36c1aee456d1b20fcb3e336d23c82365df2a693a995,8879
Test/Mftf/Test/AdminCreateCreditMemoForOrderWithCashOnDeliveryTest.xml,6508ff161fa70de5bce007912ca9dc93ae0be1d1b464bf7535244bc9344bc9dd,5463
Test/Mftf/Test/AdminCreateCreditMemoPartialRefundTest.xml,41667db8f6a568a0a97b6537380e21e817ef3f3e6797bbc15b00731367385e6f,9095
Test/Mftf/Test/AdminCreateCreditMemoWithCashOnDeliveryTest.xml,f1d7f11a03dee8bcc35ff9169a9606fcedb671da6ddbac9a30f05dfe8d770a1e,8361
Test/Mftf/Test/AdminCreateCreditMemoWithPurchaseOrderTest.xml,41c26b3ede53a5b8810a7904fa7d8ece2a6673a3fde968d81c8bbd97cec15445,8540
Test/Mftf/Test/AdminCreateCreditMemoWithZeroPriceCheckOrderStatusTest.xml,078e65573e719f903f3e827b654f90c0ebd284ca3fd38d6ef426859fb3d03a67,3010
Test/Mftf/Test/AdminCreateCreditmemoWithBundleProductTest.xml,b9ddfb640e87189bbd813dc1bc33b226f50029ff851c028ca01637119825fe50,5906
Test/Mftf/Test/AdminCreateInvoiceTest.xml,f3ee84e7fc679c90ac44977b96ec5c31e0a63dd722ea8936e956d87ecb94680f,6873
Test/Mftf/Test/AdminCreateOrderAddProductCheckboxTest.xml,d8df1d4284553fc18eba9965cbc671cc998d45cfeb564568c82d460ae475a543,2637
Test/Mftf/Test/AdminCreateOrderAndCheckTheReorderTest.xml,24bb4c27ff76ff42deecde456cc3bd6b8239e0413feb165f99d9d0317c8e159a,3895
Test/Mftf/Test/AdminCreateOrderForCustomerWithTwoAddressesTaxableAndNonTaxableTest.xml,cc9a17f6f00fb317aab28df3e62f36b76035fd2bfd9a2f2af240ee46b3a704c4,5052
Test/Mftf/Test/AdminCreateOrderSameAsBillingAddressCheckboxTest.xml,56e714f2004e4d3e00a1dee81923702910e25e6092c3eab361319ecb48e6c2c7,6351
Test/Mftf/Test/AdminCreateOrderStatusDuplicatingCodeTest.xml,311e4e0b523963cff00edbb6e27b782666de97890ffa55c21644c1281d500e19,1734
Test/Mftf/Test/AdminCreateOrderStatusDuplicatingLabelTest.xml,ac4be4920923f039cd09f166873cf5019954cf7235f1108212f41c24e26960e2,2068
Test/Mftf/Test/AdminCreateOrderStatusTest.xml,7611d33f09146d2b26cc59b5ce66a76c594a251bb8e5fcbe3ffb04500c9a3347,2046
Test/Mftf/Test/AdminCreateOrderToVerifyApplyAndRemoveCouponCodeTest.xml,10658c95e36b3d8cb3f05233d1ca2a5e4750b36783596aac7b659da06e641120,4349
Test/Mftf/Test/AdminCreateOrderWithBundleProductTest.xml,55dd0b5cd9e0e5f46ae24e8fc7fda35b0d00d69d7736144949ee65a753bf3528,5438
Test/Mftf/Test/AdminCreateOrderWithCheckedAppendCommentCheckboxTest.xml,ea667d76ba0dee0dd0c458aaad077202eb6f1157ac2aa6bfb0530a40fb145e17,3475
Test/Mftf/Test/AdminCreateOrderWithConfigurableProductPressKeyEnterTest.xml,80387b4115a5b8bf41191427866ed4008e733460ec3457c50f13394586b01d83,3142
Test/Mftf/Test/AdminCreateOrderWithConfigurableProductTest.xml,9e86fd14311c2c208ba0d1bdc3dcca5cdf7ac4fed8341240b96c2621f55a9551,2943
Test/Mftf/Test/AdminCreateOrderWithCustomerWithoutEmailTest.xml,49a20b051f097edf2435e9ed7764b82de2fbe741c2c9fbcd45e1d485b69331f2,4004
Test/Mftf/Test/AdminCreateOrderWithDateTimeOptionUITest.xml,25df7d0a7fee0274a1d81f88c93361ea48d872a4ebe528e327aa5a0ace54eb03,2859
Test/Mftf/Test/AdminCreateOrderWithLimitedNumberOfProductsInGridTest.xml,98ae781e70a61e7e3e5e5d4ca7c22a74d7b3d8bdadca9caf2cf886a47533fdfd,7138
Test/Mftf/Test/AdminCreateOrderWithMinimumAmountEnabledTest.xml,9467640509036cd89487aef63ef612901d09f99e391726a777a29bf892d9c818,5768
Test/Mftf/Test/AdminCreateOrderWithSelectedShoppingCartItemsTest.xml,40478cb1e1749711d8b67fae94a435e3a7ca528b3fd41236eea53ab0ab355967,4715
Test/Mftf/Test/AdminCreateOrderWithSimpleProductCustomOptionFileTest.xml,646243afff55d54c09e2bdc8a762ab9af0c55f085a88c57ecefa9e70223e04c4,3008
Test/Mftf/Test/AdminCreateOrderWithSimpleProductTest.xml,74b57b2323ccf33bb376623fa819cc4d3bbb42e859436af7781422469212d8c1,3618
Test/Mftf/Test/AdminFilterOrderByPurchaseDateReset.xml,bea80a4ee9486e701b77b795c3910caea19a9cfb5e0b7992692ae2a375397dc2,2131
Test/Mftf/Test/AdminFreeShippingNotAvailableIfDiscountCouponReducesOrderTotalBelowThresholdTest.xml,8283f84f7a8415a3261dc150b1eb9c649a632047768fd163fed9ab5b41dd8f00,4820
Test/Mftf/Test/AdminFreeShippingNotAvailableIfMinimumOrderAmountNotMatchOrderTotalTest.xml,3351f412d5c6ea285539e8cf608db6fea17e817531927dadcec387ec626e79b4,4036
Test/Mftf/Test/AdminHoldCreatedOrderTest.xml,e85a767e027fd2b71c8aa4f8f6d15341abb50b8b98e7274ce52b0064db4d2a55,5069
Test/Mftf/Test/AdminInvoiceOrderTest.xml,c34532315ef01bf3cf6f20a51245c804c5cb14202b8bd469486f3a7672d0a70b,3131
Test/Mftf/Test/AdminMassOrdersCancelClosedAndCompleteTest.xml,1ae018375e8b6a670fa985c2f15b92af7686b832f0697d67be4e7ac8fa487c66,5405
Test/Mftf/Test/AdminMassOrdersCancelClosedAndProcessingTest.xml,a9573a13bfeaa581472e1611e7e13786f3fe88aa1b3f8c80f52ba669524f30d9,5902
Test/Mftf/Test/AdminMassOrdersCancelCompleteAndClosedTest.xml,e629462a0ef85f92f6e851afdb3e8b143b37bb46f5ac8b8194189687a6369aed,5426
Test/Mftf/Test/AdminMassOrdersCancelProcessingAndClosedTest.xml,956d27ca4e74b2122b68c42a0082bd0f0233cb52eb71fb19b77da93c901081cd,5414
Test/Mftf/Test/AdminMassOrdersHoldOnCompleteTest.xml,21db09d4e56e00d229631a335ce2afe0e5bb26dd458c5f65124684b5a91e610a,4081
Test/Mftf/Test/AdminMassOrdersHoldOnPendingAndProcessingTest.xml,ac4ce25a0015bcf1af619451171dd3a579d86c12b30078947630f9f2ebc5964e,5242
Test/Mftf/Test/AdminMassOrdersHoldOnProcessingAndPendingTest.xml,94a8737425e40edb3887f01b8744ed0c728f9949d8c51fc713756bdfd8f16222,5563
Test/Mftf/Test/AdminMassOrdersOnHoldAllPaginatorTwoPerPageTest.xml,27d8ea9d7a198d5a2a8f770769f19e675864814dc1b11978ab2893a8cba63b6f,6305
Test/Mftf/Test/AdminMassOrdersReleasePendingOrderTest.xml,b6da97353c0262bcce13f9d0a9a3d490b3f4e7752d14a320fc4ead7818dd1611,3657
Test/Mftf/Test/AdminMassOrdersUpdateCancelPendingOrderTest.xml,efc8b603d2394b518d7ad32e014e697de850382f689649b2d0c2559b8b938375,3781
Test/Mftf/Test/AdminOpenCreditmemoViewPageWithWrongCreditmemoIdTest.xml,82191cca736acc3d9d5919d124b150fc83441db6469807d96c75823c124edc18,1479
Test/Mftf/Test/AdminOrderPagerTest.xml,6a2226546b97330f1168c551e2e66a5880bc15c407d1e583635c994d7e58e866,8078
Test/Mftf/Test/AdminOrdersMultiSelectActionAppliedToUncheckedNewlyCreatedOrdersTest.xml,77841952c69019bfed05a4139fe2b60ca637018025b694a373cd99bd6f3804c2,6331
Test/Mftf/Test/AdminOrdersReleaseInUnholdStatusTest.xml,505147efc470c4edb77b8b6e3d5188b7deae1096c9059fe9006cad365d2e13ea,4516
Test/Mftf/Test/AdminProductInTheShoppingCartCouldBeReachedByAdminDuringOrderCreationWithMultiWebsiteConfigTest.xml,776f2c505864096f0945548f4820d39fd224f139514daea4f38b37cbfacc0932,6664
Test/Mftf/Test/AdminReorderAddressNotSavedInAddressBookTest.xml,2f31ad34bead1d4c61ecbccee1cb0c8a99e71392c7466f4a7478def46b963718,3358
Test/Mftf/Test/AdminReorderOrderWithOfflinePaymentMethodTest.xml,76409c43adb1e11c1158e460b8538e83c0ff049f11847150a5250182aeac7c87,4655
Test/Mftf/Test/AdminReorderProductWithCustomOptionsTest.xml,d0bbfac54db9886026dd1676302f9b5c89e549980202fbc47b1b40240a751c71,1352
Test/Mftf/Test/AdminReorderWithCatalogPriceRuleDiscountTest.xml,56bc52973b75d5b89a6fb4d2401f3a1cf350535bdf2d0f7f3ec656cf3eefb875,5113
Test/Mftf/Test/AdminSalesCreditMemosNavigateMenuTest.xml,035931938c36cbac908cf044944610ee073f2543691dac16dafe14505de20d1d,1563
Test/Mftf/Test/AdminSalesInvoicesNavigateMenuTest.xml,9beff191d9529be1e9846d57a9b642deb78e1fa782d62c7dc7e4f6c8f76ab50c,1543
Test/Mftf/Test/AdminSalesOrdersNavigateMenuTest.xml,b216714f67591931f6c007a2109a001d2d25a4bad0aa15c6f758aa1faec0bc47,1530
Test/Mftf/Test/AdminSalesPrintPackingSlipsWithoutCreatedShipmentTest.xml,5734a39b497493e504182f3034b3ce0206fcfa51ed2a201631a6f280c493c67e,3783
Test/Mftf/Test/AdminSalesShipmentsNavigateMenuTest.xml,c810a473c7010990d5512f75c48291980287be950c54f4f92c7136b73e92b492,1549
Test/Mftf/Test/AdminSalesTransactionsNavigateMenuTest.xml,0360c976419ba97c27efee1ff0c56c7bc86cdcffbe8caaa4038892c60c2778a1,1567
Test/Mftf/Test/AdminSaveInAddressBookCheckboxStateTest.xml,7c5cf870c38b195ecb74911e64d0aa04b1239fe187174dc2603a880e1f02e215,5153
Test/Mftf/Test/AdminStoresOrderStatusNavigateMenuTest.xml,cd2d5f6cde7954fae2c17ad0ed04a44f742cea005c4f8e1c2906f6da851dd83c,1586
Test/Mftf/Test/AdminSubmitConfigurableProductOrderTest.xml,d0b6660da78c4faf535a667080b3d8cf505df8e2baa07ce1b6a0ccbe63f96278,7584
Test/Mftf/Test/AdminSubmitsOrderPaymentMethodValidationTest.xml,c2f9ea60a91ff203e71818cfa62c4400236ed45719ab8877fbb42625c499c222,6328
Test/Mftf/Test/AdminSubmitsOrderWithAndWithoutEmailTest.xml,5774f2bf743c68c5656aba7790d510675920d569b61bd926d1ab4a1d55ee2e5f,5437
Test/Mftf/Test/AdminSubmitsOrderWithAndWithoutFieldsValidationTest.xml,ea93df0830ba902fe4bc67d81b84b02e0abc7717d1fc94d7ca626164e57f87a5,5974
Test/Mftf/Test/AdminUnassignCustomOrderStatusTest.xml,fa14555d9f615c94d13148cc3b63a3d311237b001318d6eff68d82034403d23c,4207
Test/Mftf/Test/AdminUpdatePaymentMethodTitleTest.xml,ddd46092accbf0747bb9c5c0dda7cf687d7478e5a85fb45ff982e4cbb5bac26f,2818
Test/Mftf/Test/AdminVerifyFieldToFilterOnOrdersGridTest.xml,451a4c3909d5f4acc70db398792296646c5ae1b6599ca0ee7e65c7b33622ce73,1777
Test/Mftf/Test/AdminViewOrderUserWithRestrictedAccessTest.xml,48334b0b43a9b7e5b35da6fd1c9448102aa880018f0a2f43a53c6b0993113f3c,5036
Test/Mftf/Test/AssignCustomOrderStatusNotVisibleOnStorefrontTest.xml,c54c790dcf8c5b9d173c849110507d5662696084b1e8bd66e0997691f8a70653,10142
Test/Mftf/Test/AssignCustomOrderStatusVisibleOnStorefrontTest.xml,ce59bb2c7f74680c08e2b0aae488a77b41905201ccc7969505d7fba49ed3578e,1359
Test/Mftf/Test/CheckXSSVulnerabilityDuringOrderCreationTest.xml,bd0c773f69b536d97077c4b0051ed9af0b7f575c6ccd7f2cf59a63e2f22cda92,3034
Test/Mftf/Test/CloseOrderInCaseItRefundedPartiallyTest.xml,1ccddff141a00dfc328c9ea7d2943e5e11a8a8125f9f7ad902fa5bb1e43e0876,8693
Test/Mftf/Test/CreateInvoiceAndCheckInvoiceOrderTest.xml,b7f441e7a03ed7cb62894dcc6dfc570ed134289fb4f2324f27810d4f5d1a33f0,8553
Test/Mftf/Test/CreateInvoiceWithCashOnDeliveryPaymentMethodTest.xml,3e7d5d901d1d0328a7fa93539660c7f456b23e236213284d025a38cc3bcfb6c8,6094
Test/Mftf/Test/CreateInvoiceWithPurchaseOrderPaymentMethodTest.xml,4f86f2e911eb03d7c5e239cd7f17c3cf3b7303a97c44236235ea23d22a42c22e,1800
Test/Mftf/Test/CreateInvoiceWithShipmentAndCheckInvoicedOrderTest.xml,7cee14f3c641e2a7de0ca3d5cc9628c0942be970535d9aba0ced2167950e3f63,11160
Test/Mftf/Test/CreateInvoiceWithZeroSubtotalCheckoutTest.xml,64d232655a953ee85a9ff3b6c394aaeaa217cc678f7aa73d2d41e32c7d850223,6032
Test/Mftf/Test/CreateOrderFromEditCustomerPageTest.xml,143a2931fe19edbf4cd2fb8290ce3298b3dc08747fe5b7c04f3aa32390ab1298,17586
Test/Mftf/Test/CreditMemoTotalAfterShippingDiscountTest.xml,ae81f3a594dffe02bfc674e6084e362369ffb0f0caca77679bf945702d47dee7,11969
Test/Mftf/Test/EndToEndB2CAdminTest.xml,496d0db4c91bf15233159ae364fe58c21344f7917a3046f5d9886b2f9855aeb5,27537
Test/Mftf/Test/MoveConfigurableProductsInComparedOnOrderPageTest.xml,1d912096603b8956e2ff0f96c351181233006ee22c1c029e22cbeaae708992d4,11328
Test/Mftf/Test/MoveLastOrderedConfigurableProductOnOrderPageTest.xml,2ce465b31915340c3e5d0bb80338a271d7fab35f5081babd81df2ef95fde5f8e,7113
Test/Mftf/Test/MoveLastOrderedSimpleProductOnOrderPageTest.xml,341550751423e109cb9f69869107149eba2730a1e557ebcdb9ae5eec8d9f37e6,4039
Test/Mftf/Test/MoveRecentlyViewedBundleFixedProductOnOrderPageTest.xml,157a39917781471453de1f53b6f3063d1dc9789ff3e33612560b3fc9163a0a24,6108
Test/Mftf/Test/MoveRecentlyViewedConfigurableProductOnOrderPageTest.xml,4cd2c6ec4dc0a709489bd01aa01471b7e9ef2a6e74bd623ca8342529e3f2abe5,7957
Test/Mftf/Test/MoveSimpleProductsInComparedOnOrderPageTest.xml,d84919283df7a7d39170eb71577f25ad0c552d584af011bd54730482a1983a0f,6041
Test/Mftf/Test/PlaceOrderWithFreeShippingAndWithMinimumOrderAmountTest.xml,5cb10538d73ff89e10085e4ef1c91f979c37cb6d033ae329c392b71f1930f7bb,4639
Test/Mftf/Test/StorefrontCreateOrderWithDifferentAddressesTest.xml,9b9e7c40d9d0f50c85cc2bfbf16b84e4b05ffb29a04f3985b67d69919669d580,4193
Test/Mftf/Test/StorefrontCreateOrdersWithMoveJSCodeBottomTest.xml,726585fbb09386b5d96c63ede440e06cd8edcb7872328de697cc4fa6fdb8e3f8,6590
Test/Mftf/Test/StorefrontCustomerReorderProductWithCustomOptionsTest.xml,e1f9155774538ca34a4671bf3eeea009c551f46a166ee8a7970b2f162d39537f,7472
Test/Mftf/Test/StorefrontOrderCommentWithHTMLTagsDisplayTest.xml,3a8ec37b98dcceaba30491466a5b424431c20035975f406e22c9f31c06840dfd,3423
Test/Mftf/Test/StorefrontOrderPagerDisplayedTest.xml,015fdd636b0669664b5106ea147d8697b60847b6e8a2d3f01d56d8a2711d65be,16335
Test/Mftf/Test/StorefrontOrderPagerIsAbsentTest.xml,5bbdeeb36545042d35c99e2469ba3cb2103dc7bfe1a37388eb0dc53a735ab95b,14431
Test/Mftf/Test/StorefrontPrintOrderFindByZipGuestTest.xml,9128f5a9a82ad57b884e624db96e8fb0afc4adaac203fbcf987465d069b9ff16,1282
Test/Mftf/Test/StorefrontPrintOrderGuestTest.xml,f5ba6676cb20555b7fd8a0b88e08124900ddd61c67553a512d7ae85b5248887c,18580
Test/Mftf/Test/StorefrontRedirectToOrderHistoryTest.xml,274df771bf127702c9c8887fb018792b573b57f75c720762126e6c00d3684ca1,6548
Test/Mftf/Test/StorefrontReorderAsGuestCustomerTest.xml,b263b11a7fa6cf376b027c0726c0dfd4b99e6b4633d50e47232c5785c9d55292,3552
Test/Mftf/Test/StorefrontReorderAsGuestTest.xml,a65a75c106c939048f786ad7154ff178088b361063b6c0db98ee7ebf612e9d30,4770
Test/Mftf/Test/StorefrontReorderVirtualProductAsCustomerTest.xml,0be1d3b818d692b6265284044cfead7c152ef8eefe4a7afe3fb880ddef710706,4751
Test/Mftf/Test/StorefrontVerifyOrderHistoryCommentsTest.xml,fbcb02a0f2ebfc939a5c4911524bd5b0aa3bf95828c0328bf3360117046c3a8b,4292
Test/Mftf/Test/StorefrontVerifyOrderShipmentForDecimalQuantityTest.xml,f774396b22bc5e3a9c355dd26361c428ac5164acdae13eb7c324bd69b9ff45b2,6363
Test/Mftf/Test/StorefrontVerifySecureURLRedirectSalesTest.xml,586a60667a6fedbc2f20402a690f604777e5347ab5493188789851c76825655d,2461
Test/Unit/Block/Adminhtml/Items/AbstractItemsTest.php,e481c4b54e9399aada3355fc4f22df595c91a8925869eb312e3cff5c244cf902,8542
Test/Unit/Block/Adminhtml/Items/AbstractTest.php,2336d98495621bbf299d2d6dd3db53e70bb3ada354340cb772237647543e3e26,2724
Test/Unit/Block/Adminhtml/Items/Column/DefaultColumnTest.php,4d45a55e9569de977d5cc27413f6d6d07eb45c24354b15737116d34b11cac191,2201
Test/Unit/Block/Adminhtml/Order/Address/FormTest.php,b576cad9d470ebfbe7456d0ce81dcd1c648547f9094df7633184a3a6dddb8e8d,4649
Test/Unit/Block/Adminhtml/Order/Comments/ViewTest.php,6fb9db09044927e7fa18449bccd3f8d32e6f4112c42de4a730988ab00ab25b3b,2265
Test/Unit/Block/Adminhtml/Order/Create/AbstractCreateTest.php,a3e6e721e50717d1404470cd95ef69a8f37e8f94e095b788aa520d3978da0ac1,3007
Test/Unit/Block/Adminhtml/Order/Create/CustomerTest.php,1c7390f6456e6c1c926d51c6f1e2e5c54e164946709c674b11a9b5c9d90805be,1241
Test/Unit/Block/Adminhtml/Order/Create/Form/AddressTest.php,046ed6c2cd18f09de02efa370350675f79c62eb607b652de2f70160712d8b38a,8729
Test/Unit/Block/Adminhtml/Order/Create/FormTest.php,89e98a9271f5ecb79b21b0fef84de80f025cff6e6f5c32893243e193d2de6ced,6685
Test/Unit/Block/Adminhtml/Order/Create/Items/GridTest.php,2682f723b77aa7a50de4f5819fe611b70124954011d41e8310c1de3ae2918cf2,14940
Test/Unit/Block/Adminhtml/Order/Create/Search/Grid/Renderer/QtyTest.php,96b13a3d307cd24a6f16e965e554f22dc59e8f33f58a6087b8c48fb3829f2275,2315
Test/Unit/Block/Adminhtml/Order/Create/Sidebar/AbstractSidebarTest.php,a8c6ed7bf3d663c6065026e3a7ffdc0a63a1e11a694eb4d414a840bc40e09cc2,1878
Test/Unit/Block/Adminhtml/Order/Create/TotalsTest.php,b5c9d6a4add6f0188b1079b2e5079d09d2217bb9102f694a4c28f71505a9b25f,2114
Test/Unit/Block/Adminhtml/Order/Creditmemo/Create/ItemsTest.php,98c0481d28bdf6368485e5821450b7bb6aebfd45d3440ed2032b5c328ac8e2ad,6340
Test/Unit/Block/Adminhtml/Order/Invoice/ViewTest.php,225676a9b88d7e57503bfced799ed1e00718aa81d2de0f5304593baaa7abea4f,2280
Test/Unit/Block/Adminhtml/Order/Status/Assign/FormTest.php,4fcfd51ffd33af6012a0e9ab8b677e3f522e9cd922a33bfbe3f19afd9b56b54f,4433
Test/Unit/Block/Adminhtml/Order/Totals/TaxTest.php,c1e5a749303a1ca99df149c035f787e8ed05f0e3755bde677a793f9ef1ed1cc9,6190
Test/Unit/Block/Adminhtml/Order/View/GiftmessageTest.php,0dd8335017a55c38c706ad27a011ee0cc12ff530d514985ba40d747b4d0f8ab2,1138
Test/Unit/Block/Adminhtml/Order/View/HistoryTest.php,6c640d525f23b4885ea8a33f0616ca4b5a4f23ed056dd42d9d3803492a404e54,2266
Test/Unit/Block/Adminhtml/Order/View/InfoTest.php,7ee5fe72152904d7d6c5b6c041720772e873e36b297a9e203f44ba22a026080d,4649
Test/Unit/Block/Adminhtml/Order/View/Tab/HistoryTest.php,833aa94f0a080f7b0ff931d11339df3dcb443fbd77429fdffabc249119487202,4130
Test/Unit/Block/Adminhtml/Order/View/Tab/Stub/OnlineMethod.php,f954d30550e44115512095a808138bd71278528f8bf4732ba6c7455ac0905312,538
Test/Unit/Block/Adminhtml/Order/View/Tab/TransactionsTest.php,9cfe0abab0119424763e36a2a302ef3851b917028e25e30eec20aaf26bdc0fa3,3916
Test/Unit/Block/Adminhtml/Rss/Order/Grid/LinkTest.php,2b5a87e515414a55f0b54bc75605a4f8bcd2b4284651fcecd068125779081de6,2348
Test/Unit/Block/Guest/LinkTest.php,057897967ed2a00326252892d17c4a53cb8ad947aa83e445231940d0fd5d94f4,1217
Test/Unit/Block/Items/AbstractTest.php,a1f8996eb153f0ecb7cfbeb371bc5dd7d5edc6c3dc9846eb135ab891664bde0b,5442
Test/Unit/Block/Order/Create/TotalsTest.php,bf4399af617645f6fd061b0a8d295fe3b0d6e8adff4a28b34a9f9d95473eb149,3277
Test/Unit/Block/Order/Email/Items/DefaultItemsTest.php,51cda0369b65f8a5eda6cc525740eba3dfa41a25f33f344cf22a702ed461b058,3688
Test/Unit/Block/Order/Email/Items/Order/DefaultOrderTest.php,639cc86a199197f5b57f0e7b1be6fb9e6bd98804b04d5c198ab8bc902a022026,2531
Test/Unit/Block/Order/HistoryTest.php,a838092b725cfdb0d7baa51e5f9ded423a273339429e4fd746646ca00f5653da,5015
Test/Unit/Block/Order/Info/Buttons/RssTest.php,68ec59fc568ec7e7e853aa0aee0783c389a47e715618e0ddc01c2013b936eb7c,4255
Test/Unit/Block/Order/Item/Renderer/DefaultRendererTest.php,70e8fa0d0d252d1f877949a38d61ce89e7de2804a40b23640e22220377b82dfe,5215
Test/Unit/Block/Order/PrintShipmentTest.php,4b6d09d5588ba90aa81df005bb8f851bef2d616759eb1c8dcea2c1ed99c04078,2902
Test/Unit/Block/Order/RecentTest.php,3fbf1a80923e71abfcb888f04746be4216ca2bdd0d933b8f61a1f28dc554b260,4539
Test/Unit/Block/Order/TotalsTest.php,0c4b0a612f1f54ce099a6ebfa02187a6c88a2b5b0109d2f11c68b0617b0a6fc5,1924
Test/Unit/Block/Reorder/SidebarTest.php,8311fa80480edf2d560005b0720a0d77c695e3c4cc0fc2a4cfabad5e454b87fc,9232
Test/Unit/Block/Status/Grid/Column/StateTest.php,19148e9c2b25304fd297d74afd2540ae1642e3e1a81de93c4287a343c6e28212,3102
Test/Unit/Controller/Adminhtml/Creditmemo/AbstractCreditmemo/EmailTest.php,c3b9dfed77fe59ab848521f80677d390e2e11f1339d8e2738f5d62c0a0b1b6fa,6508
Test/Unit/Controller/Adminhtml/Invoice/AbstractInvoice/EmailTest.php,350e2eab1fd07efe9a29e40049bd8e36b882efdeaab73571eddffad7b79c96af,9193
Test/Unit/Controller/Adminhtml/Order/AddCommentTest.php,a1fbdde45c0b92c75cc7f1afe86f50b8bee1aec48bf61e2bf0251e9577c4619d,6555
Test/Unit/Controller/Adminhtml/Order/CancelTest.php,1755357657ed20142f346913bcee7a390aa914f6d00a1018ae4b064658c49911,4596
Test/Unit/Controller/Adminhtml/Order/Create/ConfigureProductToAddTest.php,01a4e8a8d98ed91bab30e3fc7f4a40e6736aaf374d0c1be462b88b8731ce468e,6689
Test/Unit/Controller/Adminhtml/Order/Create/ProcessDataTest.php,f0a90e5e3b6450653615c4fac39a7ed0d2d4431d253b89e190303d328666b1ea,8762
Test/Unit/Controller/Adminhtml/Order/Create/ReorderTest.php,c7938abac7cfa42e5ba2775c40d9cdbea7f7e3cf1e8a03c7ea7e49cc1ceb330e,14065
Test/Unit/Controller/Adminhtml/Order/Creditmemo/AddCommentTest.php,04f59467793092a5e9f6a4d589c7ce2fac2874fc35f44d9b7c54730ea0349475,9810
Test/Unit/Controller/Adminhtml/Order/Creditmemo/CancelTest.php,aae736091e933e5aadf00bdd8a43a1b0dc604984dc76894d188d0693a7da00f2,10206
Test/Unit/Controller/Adminhtml/Order/Creditmemo/EditCommentTest.php,f0f3c6a9b999b85824517bc5147abef5c9fb5520bfda623648edd8b47bd6f5e2,2244
Test/Unit/Controller/Adminhtml/Order/Creditmemo/NewActionTest.php,0cabf240bc6bb1f98b5410e44aaa5244c074986679cc7426d61a9ad7294ac639,8156
Test/Unit/Controller/Adminhtml/Order/Creditmemo/PrintActionTest.php,363444c7b495deb28630b52c4d058cdd063226bd570351163ef1c4896a8c17a5,9033
Test/Unit/Controller/Adminhtml/Order/Creditmemo/SaveTest.php,fae298c892e4a92ef17c468faf8df6b1b7836aa37dda5f0e81c38ab8c7443c39,12254
Test/Unit/Controller/Adminhtml/Order/Creditmemo/UpdateQtyTest.php,ab9c60d5982fc549ac1c9211a8ba5de38b5522d470aa212ae33ed135354266d3,10321
Test/Unit/Controller/Adminhtml/Order/Creditmemo/ViewTest.php,69bea4d88cd695461321b82d9bf8c948d1c61a1b68dabcb77ad86f136dea0b33,10892
Test/Unit/Controller/Adminhtml/Order/Creditmemo/VoidActionTest.php,32c3b35b7ede14d7f0f0d8f042cd9c7bcb59616ceceff0fd6a23219f7cddf62f,11904
Test/Unit/Controller/Adminhtml/Order/CreditmemoLoaderTest.php,bc8d386cd9169f9eb81a9526166fcbf7f1cbf1bf7ff7787183506ab9136026a1,8645
Test/Unit/Controller/Adminhtml/Order/EmailTest.php,05646a5e880776f0481b481a262017e68d720a6c6bafe578325fe5ffc2b35a8e,7982
Test/Unit/Controller/Adminhtml/Order/HoldTest.php,ea58a6a66c20b1c60d3e20253d2966c2e2614ae78414c23084ac622c446091b1,4592
Test/Unit/Controller/Adminhtml/Order/Invoice/AddCommentTest.php,0d624c8245e1e8033ec2372b20789849b8eb3caa00c8fae202a9f0796029a286,10166
Test/Unit/Controller/Adminhtml/Order/Invoice/CancelTest.php,f0c3fc84f61f2a55bcbaa6d7834a7d7d151ec2e158d47f191fb7d4eb7f5e6430,11176
Test/Unit/Controller/Adminhtml/Order/Invoice/CaptureTest.php,f9c234855f561739c7eb82db7851eb59c22d316828dc6bec0088e3e97c2379c2,12130
Test/Unit/Controller/Adminhtml/Order/Invoice/EditCommentTest.php,37aaad4e692c90edc013bcf991211788a592db14abf7c22acc87a6a8b6cbddcd,2238
Test/Unit/Controller/Adminhtml/Order/Invoice/NewActionTest.php,793b27761437286b3c6b62b332d78d1bc877257d2459b42ba772ecccaa1b235e,10942
Test/Unit/Controller/Adminhtml/Order/Invoice/PrintActionTest.php,b3e98b720b2463e6d36850d80c6979d730fbdb5959b2992fa044a2ea942b2320,4913
Test/Unit/Controller/Adminhtml/Order/Invoice/SaveTest.php,2efff9df57320a1a506f873a9e041c78974c2fa0f41ec9e0589451694e2f5288,10605
Test/Unit/Controller/Adminhtml/Order/Invoice/UpdateQtyTest.php,45ca44d0aa36551e270b3756f6eccdaf9bd73c5c7a4d3686886f3776ef0feed6,11577
Test/Unit/Controller/Adminhtml/Order/Invoice/ViewTest.php,6245208192d5b319eed4ebf870e180c2ca6063e0c8ebf5aaa10819604350d06c,9989
Test/Unit/Controller/Adminhtml/Order/Invoice/VoidActionTest.php,2891b4f8232f112f529329cab882c6bf7c3225d1a6e82fae833062c851b0e82e,11027
Test/Unit/Controller/Adminhtml/Order/ReviewPaymentTest.php,d0db0dac9334dbbdde0691a3a6bc82850ed58492dab2d80e00c42bd14ebbcc17,5896
Test/Unit/Controller/Adminhtml/Order/UnholdTest.php,e8de9ef2251f51a15bb5208b16d3242ddd54eec5e723d83217b24d7d8098070d,4585
Test/Unit/Controller/Adminhtml/Order/ViewTest.php,1429c253211f24eb44d71797a94193020c2639f745c9b4fb893352d557b16644,11114
Test/Unit/Controller/Adminhtml/PdfDocumentsMassActionTest.php,95996ca0252ea4d35075b582d91f1be0db0aafc96631ab1b3ec28d46ee8f851d,3452
Test/Unit/Controller/Download/DownloadCustomOptionTest.php,58a7ef5bda9001f40731b367de9606e1d6fc4a8b1b7adbae24cc9511ddd961f3,12770
Test/Unit/Controller/Guest/ViewTest.php,df9a3e8434a7eea5f478e6ea268a4d65f6475590cee9bc326e2aaba8b2235ac7,3662
Test/Unit/CustomerData/LastOrderedItemsTest.php,a18b0870526809b9e557dd2496339e08f5716ca33de3e7f085072ce742759e39,10947
Test/Unit/Helper/AdminTest.php,95277979eff03c6fc7dbd2567f2aaacbed6fc2585fa04c7f8abdd6b0d70bc7fe,11177
Test/Unit/Helper/DataTest.php,bf04c0bae047f03f8e8bbfe0589c689d15ccf4eb13343561b2824ec6605418c3,6325
Test/Unit/Helper/GuestTest.php,a0acdea65e733654633f9c0f75bb04a0e879d1d77b9cbd90f5170d472ebc89b8,12222
Test/Unit/Helper/ReorderTest.php,bb5140d827b1e479602d18ff374326c74973d51a57aa7cb54c81cdff971022bf,6326
Test/Unit/Helper/SalesEntityCommentValidatorTest.php,f440c8932dec07d665a6c9b63747035aff1d03249d5906cd3dc68a8681eb1764,2706
Test/Unit/Model/AbstractModelTest.php,6597bc6505af1872de1fc67c4f06d69aa24a5381350b7534b8376795875caa6d,820
Test/Unit/Model/AdminOrder/CreateTest.php,381142ad6e57b026f1520753e7d761edf38a055fa0ea01b6e38e958869c48503,18881
Test/Unit/Model/AdminOrder/EmailSenderTest.php,ca0b008e3a893329a175aada456cd509643cd9f0eee271758c2ce6e4b2b38407,3537
Test/Unit/Model/AdminOrder/Product/Quote/InitializerTest.php,abb078022e4a7bfd6d894ecb76f5a75768188da04e995bfd0862b6cb619b9475,5213
Test/Unit/Model/Config/Backend/Email/AsyncSendingTest.php,9aba2c66ebfe4d1be2d7782d97f8d79ec2c5848807e0ac6f9ea4ba686e9cf5fe,2830
Test/Unit/Model/Config/Backend/Grid/AsyncIndexingTest.php,7c194c758d1db0797192f01dba3346f506cc429b92a2ddb049599b61e0b84aa5,2814
Test/Unit/Model/Config/ConverterTest.php,e891fdcb00ebc58abc8d444a8baa23739ed0d9e0316dc65da1e4460350480085,2445
Test/Unit/Model/Config/DataTest.php,58f4375a69648dddb5b9242ba7f185f41389850c4440d8f28074415619b47571,1963
Test/Unit/Model/Config/ReaderTest.php,334fcae43d3f8a51996ac786a9e9523fbcecd40130dc4f1643ab40004fe3903c,1448
Test/Unit/Model/Config/SchemaLocatorTest.php,7220cb571241f9e0a943740309096946e8e2cb91cc15dd6e1a3d1a661e79f830,1268
Test/Unit/Model/Config/Source/Order/StatusTest.php,77a93d7d0c781c553a7717ed622703563d0d876f05c002a3f7c698fcc8a01988,1398
Test/Unit/Model/Config/XsdTest.php,76147e1700276cc5f81f0dc59c362d69fdf55d8bbf3cfb268d4c8d49cef35ccd,4185
Test/Unit/Model/Config/_files/core_totals_config.php,be756fb113fe4658e24b7e1e7b9196c3c44da28a78c902b384b91026787a2678,1136
Test/Unit/Model/Config/_files/custom_totals_config.php,67774886c8de8e7530d24c18024b8404032af7de4597bcde67ce120a641fcd72,548
Test/Unit/Model/Config/_files/sales_invalid.xml,1357770802d54729772bcb2a209133b3330afe46a1535f78c765b9451e088995,374
Test/Unit/Model/Config/_files/sales_invalid_duplicates.xml,3eb6f5054750c174c0167d8afb6affc58afd63d240f5d5b66e7e1d89189071d6,1003
Test/Unit/Model/Config/_files/sales_invalid_root_node.xml,8f0de6da0518a8b291909a0270a56b1c83463d29e51cd2e86385058769681056,296
Test/Unit/Model/Config/_files/sales_invalid_scope.xml,1ec2d0ce3d634a9f0d9f44c139ad54d866cb8933ac4ccd1b4219858737e8114b,924
Test/Unit/Model/Config/_files/sales_invalid_without_attributes.xml,dccd2adc02c288da0498d92e31d4391bdd83f09ae69e4a0366b24f9535abdcf1,470
Test/Unit/Model/Config/_files/sales_valid.xml,1ec2d0ce3d634a9f0d9f44c139ad54d866cb8933ac4ccd1b4219858737e8114b,924
Test/Unit/Model/ConfigTest.php,42f0c106f43ca3e7d2da30a5256065162419c106647a72effe8e8578badcdc15,2684
Test/Unit/Model/CronJob/AggregateSalesReportBestsellersDataTest.php,8606a4430da42d8870f4040424b1e22b7dd0040ddb7ffd20a1baffdce4624a10,2917
Test/Unit/Model/CronJob/AggregateSalesReportInvoicedDataTest.php,33ba01c2053fe3364a07d72316d01cd877662a9935a3665d25eb253d9b0f309e,2864
Test/Unit/Model/CronJob/AggregateSalesReportOrderDataTest.php,b349e8ec7e6762555bec9e881853ee5d4165aa1d60ece4b36fc8c35b6b5b1837,2791
Test/Unit/Model/CronJob/AggregateSalesReportRefundedDataTest.php,fca76c63dd724411ebe985d99ad83171c1228b237b6d9c4304c95f01586408a5,2864
Test/Unit/Model/CronJob/CleanExpiredOrdersTest.php,002b4efb4f46bb09abb29703c503c6ec85f688435a4c0c49f4f755facc709a04,4101
Test/Unit/Model/CustomerGroupRetrieverTest.php,ab5f45f9ab2cec84cd1ee261a8d17e5def5c99a540e87b8e3cba813c543bf4bf,2925
Test/Unit/Model/EmailSenderHandlerTest.php,94ead6080565b4b987e2b4e517a8d4dedff2711516282999ff17fbb36ffb330f,8973
Test/Unit/Model/Grid/Child/CollectionUpdaterTest.php,ef9513d4c3ac6c9c97d60f450579f08c36c1623849ed8f4657ff733a19b63661,1575
Test/Unit/Model/Grid/CollectionUpdaterTest.php,f96d08e590da01a9fb5a97276b7c263caa193ef1d18d95ae01e7d3161c5242d4,2331
Test/Unit/Model/GridAsyncInsertTest.php,732741ccd268273fcfbedb456b66add27c06d9b367f9c9869964645886d254c6,2294
Test/Unit/Model/IncrementTest.php,5ae79d4481d6dc722ba60c2e2a5e5e419d5cf72608b9b5424583b8f2dd4c7b6d,1922
Test/Unit/Model/InvoiceOrderTest.php,91a236e0f4bd41bf61f87cb531219c16d299093a5a5c0aa1eb35de6cda2a2ce1,15530
Test/Unit/Model/InvoiceRepositoryTest.php,ea25500dbcd1775423fee88dc4b1291199095efe843f581b7a45bac8e61fb60f,7334
Test/Unit/Model/Order/Address/RendererTest.php,3efb116c18b6e15bdad42014fd9851b5d5a26d5118a986d73dac773f7f173f25,5750
Test/Unit/Model/Order/Address/ValidatorTest.php,a7fa75d39c65f73c23bbe05c6939ec87a0cef0f443a7f24d03b2ec76d18f1a9e,4200
Test/Unit/Model/Order/AddressRepositoryTest.php,4c9f934b9405c249eebe4a500ed932b21cc04ce5ccd063470714519d580b2721,13257
Test/Unit/Model/Order/AddressTest.php,fc9cf03b7f2ac881576f4a4eca2aef31f77554da4e068887603b7fb9477190fc,4536
Test/Unit/Model/Order/Admin/ItemTest.php,2d45c23910eea12d0a7296857568aec8af46626e7ab935baac828793f639b4b0,1604
Test/Unit/Model/Order/ConfigTest.php,a648b5ef255e474de90a74b882af01f9050437c22a2181d6a06247dbe4946d98,9195
Test/Unit/Model/Order/Creditmemo/Comment/ValidatorTest.php,695353ce70eb1f58a01c8daf89bc79572c97d665a353ab5c012985ce31324113,3102
Test/Unit/Model/Order/Creditmemo/CommentRepositoryTest.php,41fe9f1e3ba4e1256aa923dcb25f28245a714c5235989982e7e97d00baeefa2f,6566
Test/Unit/Model/Order/Creditmemo/Item/Validation/CreateQuantityValidatorTest.php,4dee5925f44885be5fc6bcfa75d53cd58c748d982681571915a9f7801006aa0e,3668
Test/Unit/Model/Order/Creditmemo/ItemTest.php,da08d80e2e7dcc4d62384e74ab82dd511fd89e11861666155e619aea4d1e780c,10709
Test/Unit/Model/Order/Creditmemo/RefundOperationTest.php,7cb2467abe6a23f80bf547ee2b7f4dbd3b12f06f427296edeb351afb77169302,16427
Test/Unit/Model/Order/Creditmemo/Sender/EmailSenderTest.php,b2971f4106fc765131454d4968b2bbaacd9baf33024231cc8dd657a8c15ead2e,12834
Test/Unit/Model/Order/Creditmemo/Total/CostTest.php,535f99e69eec0a572254d4f404d3df6aec235678ba0d7a06dcca713d4267ecf8,2054
Test/Unit/Model/Order/Creditmemo/Total/DiscountTest.php,f3ff7d8c5a2b01c259f4405e214319111b8ce3cf17e7b9df13a3b063732005b7,12533
Test/Unit/Model/Order/Creditmemo/Total/ShippingTest.php,787b4c6349ead39aced605763f0c1276ac2c392266a7d28cc8c233abc3088459,26095
Test/Unit/Model/Order/Creditmemo/Total/SubtotalTest.php,5ae625b9b8c01a8716dc023b0fea4b33ca85510b002b9d930c6c7a2f91a6e5e1,5324
Test/Unit/Model/Order/Creditmemo/Total/TaxTest.php,049136ae87d990fbea1e3f07e89da36ee69cd123a6b690436b5a17a3cfdb7c0c,36870
Test/Unit/Model/Order/Creditmemo/Validation/QuantityValidatorTest.php,bf92fb518dda7b7ed5b94e1e22102c036258686a2a1ea05d6bbfab8dcf511787,12817
Test/Unit/Model/Order/CreditmemoDocumentFactoryTest.php,fb218e10a16de06f1ef305e14d9f8c153bb3cfe9243d5cfcc0f508f1ad8bc2b3,8949
Test/Unit/Model/Order/CreditmemoFactoryTest.php,4821e337a1c6d420d60b2ccad1079c56c6a95d163e75b1416268abb54d3db772,3503
Test/Unit/Model/Order/CreditmemoNotifierTest.php,f89afd02695e1fdf19c44a679e6892aa234bae0adc5dc8ab8ecba7eefb9215b9,4179
Test/Unit/Model/Order/CreditmemoRepositoryTest.php,5562fba08b5ceee703c9ac2458e3e1960a3fa7ceb11d003d8341d2273d7cd78f,8337
Test/Unit/Model/Order/CreditmemoTest.php,e941cfa1fcf662a70ade989abeee2cc7dcd0c993eefd06288523db0f82f5941f,6954
Test/Unit/Model/Order/CustomerAssigmentTest.php,4a52cb3f5fcdc055ce1a2f09050af484adfbe8d3420133053fe3b9376e7b5d25,5931
Test/Unit/Model/Order/Email/Container/CreditmemoCommentIdentityTest.php,042c29291033eb32d822f301174a996e77b54e8a07572921638800c7413249d2,6855
Test/Unit/Model/Order/Email/Container/CreditmemoIdentityTest.php,4e69682f71ca87ef888433aebf4acfb8243819c0368eb8439c7692a72deee87d,6771
Test/Unit/Model/Order/Email/Container/InvoiceCommentIdentityTest.php,92e34e0e4fd38a68c06b66286251d12dcdd2acf1a8b5840b55e3fd9f99ce3a94,6819
Test/Unit/Model/Order/Email/Container/InvoiceIdentityTest.php,2dc007ccb92dc9146ecc9f00fb5b532f8a98eefc41bb3b86426175db082bccbf,6735
Test/Unit/Model/Order/Email/Container/OrderCommentIdentityTest.php,5b793ee052c8a0b6871d4c952e857c12442e3090f3a610fad96f32b1196bd9da,6795
Test/Unit/Model/Order/Email/Container/OrderIdentityTest.php,9eb7737e8bdc873f0b24a9c17eba4cf0be2ac0e1cb824e43afba4d154f4bc0f4,6698
Test/Unit/Model/Order/Email/Container/ShipmentCommentIdentityTest.php,edb5373079d64d3eb88fc279b3193b33e934aeb4f08c0ecc0bb05e7eab948344,6818
Test/Unit/Model/Order/Email/Container/ShipmentIdentityTest.php,fe6b65d3fff75110c3ccf5057f22e914f0386032484da0b3406a7681cc0feefa,6747
Test/Unit/Model/Order/Email/Container/TemplateTest.php,08be3cf1d4ebf0330751ddcb90087abf434eefce149d507d620206a57870afeb,1269
Test/Unit/Model/Order/Email/Sender/AbstractSenderTest.php,48b2e4c16986a3a2f7235630588bceb3883c3d08514937fee09f662a8d017e60,6755
Test/Unit/Model/Order/Email/Sender/CreditmemoCommentSenderTest.php,36df799bf3d5aec1e7e435d99940fa5c6b4a223aa84666b4c27667c0765f766a,7569
Test/Unit/Model/Order/Email/Sender/CreditmemoSenderTest.php,fd4da20b491c91d304ba5b839c1479d0c80b703a9735e1541f20eaab7d50d77d,12258
Test/Unit/Model/Order/Email/Sender/InvoiceCommentSenderTest.php,00b4515b63d4b78bca6287cf55128be8f832c5200d407b2d215d406fe0c8bee1,7714
Test/Unit/Model/Order/Email/Sender/InvoiceSenderTest.php,524d7699416cd0c084e0ffa2c64884b2036c2f7dfc76d699a548126d454f676c,12326
Test/Unit/Model/Order/Email/Sender/OrderCommentSenderTest.php,4b3e363618fdfaef29b5ef4b2c4c74fa75b75f38898a450c947f1bafc947f62e,4832
Test/Unit/Model/Order/Email/Sender/OrderSenderTest.php,67ff41fd0a4a95ba80438bd63b905d40611355a7606a960baae86baf0c60fa16,12427
Test/Unit/Model/Order/Email/Sender/ShipmentCommentSenderTest.php,aeaf1e06b21b9e6ab48e121090b6f2e097bf473ab0e40115a8c82b3d6dc1db6a,8189
Test/Unit/Model/Order/Email/Sender/ShipmentSenderTest.php,3cebae5fbfc3bfda64a6aa1c20de699333ee4757d3d30f9be0b86cffe6749974,12472
Test/Unit/Model/Order/Email/SenderBuilderTest.php,7db209c069caf0357fbb9501988dda1e7446cc3c43beb3ede3e16928582a6112,6885
Test/Unit/Model/Order/Email/Stub/TransportInterfaceMock.php,3f9c5d8a781735aa07a04e135be77a4aacae69246a5650a935b556926e15ca5b,562
Test/Unit/Model/Order/Grid/Massaction/ItemsUpdaterTest.php,849e5535d9145fc6795e6fe767f2ab126887e0a8ee7f31e1b332023472bf5c05,1448
Test/Unit/Model/Order/Grid/Row/UrlGeneratorTest.php,7d6dd54902c9ad8d7b40731a737e5f7571a467e8fce0c928acee21ea51d623ff,2030
Test/Unit/Model/Order/Invoice/Comment/ValidatorTest.php,591dff03a71642754b838d831148f016e0504dce92c22698079f019b075d78d3,3094
Test/Unit/Model/Order/Invoice/CommentRepositoryTest.php,42ee54f3b8f15423e267402400a9ab49186ca0f7f22b128c2741219e1bab9035,6443
Test/Unit/Model/Order/Invoice/Grid/Row/UrlGeneratorTest.php,c6c103c7322fd89814ca58904f01fa7fd243463933898657084cab23046dc1f5,2160
Test/Unit/Model/Order/Invoice/ItemTest.php,7388e9f9e0195ee2401dcbad3525175c4f4b70748cbbc9df3be84210c3916ef9,10648
Test/Unit/Model/Order/Invoice/PayOperationTest.php,414a193678ad5c142696382e5baab717e9d43dd1e972907c02097c96cb9801de,14718
Test/Unit/Model/Order/Invoice/Plugin/AddressUpdateTest.php,fe1c5e54e366b6a7e4b2eafc47447c24a9680d7e2a22ab4438f2d545b246d3c7,4423
Test/Unit/Model/Order/Invoice/Sender/EmailSenderTest.php,42673206134442a7bbd3c87e4cd6361af31285525107e5e494c088c5aab525fc,13041
Test/Unit/Model/Order/Invoice/Total/DiscountTest.php,fd41d1569b8218119dc05e859269200675282dca46f685261cab31f384af9e0f,5801
Test/Unit/Model/Order/Invoice/Total/ShippingTest.php,82d41a0dce0767ee40ec78e0b6e7c8a43dc05ee222d7319ba4cb07c56948bbfd,5287
Test/Unit/Model/Order/Invoice/Total/TaxTest.php,57c2f7412939dbf3be2ee9cf0c3fdcd4c38506a583f8bcfa897fa65265cdd4cd,14166
Test/Unit/Model/Order/Invoice/Validation/CanRefundTest.php,e071af071a4f16c05b1486da4cd0d3527234b7e20e39be9a3c43e756fb3b5d3d,4468
Test/Unit/Model/Order/InvoiceDocumentFactoryTest.php,b99b01cb22fe40ac9770c5fb8afdccc2cc3b2f1ef5a817bed890565efb003016,3340
Test/Unit/Model/Order/InvoiceNotifierTest.php,ffd4878722099f9e985dacd14027ce32c31ce0feadbe1803bccc10344528a10a,4107
Test/Unit/Model/Order/InvoiceQuantityValidatorTest.php,8e654801d4f340ed55fbf5585149cc07be248fe78cf2ce4a9ae25fd1e45eec8b,6937
Test/Unit/Model/Order/InvoiceTest.php,81a17c21f9a800a6369f18ef0a03753f5f90857bdd8676eb233354bc3fcfa947,15804
Test/Unit/Model/Order/ItemTest.php,fa572393d94a42edcf0f30d84a4e2458c73f1e2ad74069005174a31d2f5287f4,12850
Test/Unit/Model/Order/Payment/InfoTest.php,3fb68f935d0cba40b102749853938b5d951523699b8c0fc7ed579f16d5b75814,9646
Test/Unit/Model/Order/Payment/Operations/CaptureOperationTest.php,4a63f0776b583f1bd89181a099ad08e1b6d22c0d7e9cda71ecf08c84c433b7c0,5122
Test/Unit/Model/Order/Payment/Operations/ProcessInvoiceOperationTest.php,5576147b2b6a706f27dc7c88218f2aa20bd3ae26171aaf7656aa8b8dc85c03f1,4498
Test/Unit/Model/Order/Payment/Operations/SaleOperationTest.php,5a416c3b44b49ed2f49a7074d54acd8bb13ea2ed61c62b43277a1e11265f0ecf,4100
Test/Unit/Model/Order/Payment/RepositoryTest.php,00861fd8f9918d1e876545b21fb9c22455f460e77b38cd18514bc2a6f1fefa4f,5661
Test/Unit/Model/Order/Payment/State/AuthorizeCommandTest.php,f3e8eb25a06cafea43ed474fe606aae7e2d7575dda5d681efce682cd2efc6480,4858
Test/Unit/Model/Order/Payment/State/CaptureCommandTest.php,78e3a23caacb704d9821c28a212163637d5cd158e0fa52ced18b2ad93a364481,4860
Test/Unit/Model/Order/Payment/State/OrderCommandTest.php,508d0ba98717a2ddbc2106e1ed0432e262a90d248a64e5f160a6e50c992c0418,4660
Test/Unit/Model/Order/Payment/State/RegisterCaptureNotificationCommandTest.php,162112f8169c3dcea701382290adc0125fb75b09ae2906ba9ce5f1efb61e6240,6187
Test/Unit/Model/Order/Payment/Transaction/BuilderTest.php,5dd19f58e5c279ae9e91f1a1805626ff19536a7193c1a24fd03dd6b7865f94c7,11646
Test/Unit/Model/Order/Payment/Transaction/ManagerTest.php,2fe4e5486fe2c4a7c8a0c305457c452fbbbc32de4bc12066ba2a5b10d31efca6,6171
Test/Unit/Model/Order/Payment/Transaction/RepositoryTest.php,37bf8b7609987abf17afb790c0656d23364fe4e50c9c849b33627b6c4142dbab,16449
Test/Unit/Model/Order/Payment/TransactionTest.php,1a53adb5c40e888eee7f0dc86aa7f8be3682bdb577fd7caf3466d2f5c53d11fd,2225
Test/Unit/Model/Order/PaymentAdapterTest.php,feb938bfa218d495476cfe200e6e73565166d226a2646297695000f201ed69a0,2236
Test/Unit/Model/Order/PaymentTest.php,05b837c0161be037b84949443e67a1326176da5c64f40b68ec412be64e5a8c4f,66272
Test/Unit/Model/Order/Pdf/AbstractTest.php,80381f379bcb15a217ca4eecc59d5e87d74b27a0f67faf15f1470471debab43c,4880
Test/Unit/Model/Order/Pdf/Config/ConverterTest.php,6337aa50cca63134b87033b556c12e659dd517a64984835fe7a5845bde9d3296,770
Test/Unit/Model/Order/Pdf/Config/ReaderTest.php,a0d101f0a50eeab0fa477e62dc1716c57e832ce880b138979b9f4cdd4254bd9d,3265
Test/Unit/Model/Order/Pdf/Config/SchemaLocatorTest.php,e18fb92b04b8aee67b0250d5c23aae5ed4504c4e76ed098fd697d434613f45dc,1649
Test/Unit/Model/Order/Pdf/Config/XsdTest.php,fabac2dd276c5218a4a884560bd097342bdeb2fc6f66e9cf53bc8ac7771f318a,13799
Test/Unit/Model/Order/Pdf/Config/_files/pdf_merged.php,e0e05c25d9ad31b5af7711b65d39c6803b02a481f4d52011918bc46c302abcbd,1494
Test/Unit/Model/Order/Pdf/Config/_files/pdf_merged.xml,35cf67d2644b44e5c598af34d7184201ca2396bfab3905d910aea269034e9a14,1966
Test/Unit/Model/Order/Pdf/Config/_files/pdf_one.xml,6dc2270c8885b4cfe80a0e950517b2d86deb278f8c5f8af026c8b122efa61465,1410
Test/Unit/Model/Order/Pdf/Config/_files/pdf_two.xml,d8ee76a02fdeb39d7c0c467aa891a160d6189959827e3f80e0cf4800f3cb2c34,1143
Test/Unit/Model/Order/Pdf/ConfigTest.php,4ecf03e5e502c67ba626cf8105d8623a5a82d6e22e9015b84e99efc4bdc31713,1602
Test/Unit/Model/Order/Pdf/CreditmemoTest.php,719e986c4ad349b6ebd8eccf2416d93da5ef3f7a75881062f7a836178f27620b,7159
Test/Unit/Model/Order/Pdf/InvoiceTest.php,0c072403fa32348db838667b78417b060bfd02ef261d826d5a332c1d1a9b3611,7891
Test/Unit/Model/Order/Pdf/ShipmentTest.php,dc74aa391d5093ce184e694e94891fed1ab498bda6370dc5e13e2cce5f61d9bd,7135
Test/Unit/Model/Order/Pdf/Total/FactoryTest.php,2e69a0c55d2e18500575765a8b7ff59ecf6aa5cab67a5577ff8ede142178f79b,2282
Test/Unit/Model/Order/RefundAdapterTest.php,1273dd455ab12dddd44981c60a4ad1ab14d62754bee284bb6285344e7985f761,2203
Test/Unit/Model/Order/Reorder/OrderProductAvailabilityCheckerTest.php,484189e130b0b3b6271e6f0ad1ceff3a5a343c03f896e34b3d312b95ce0051cb,4065
Test/Unit/Model/Order/Reorder/UnavailableProductsProviderTest.php,42e2050bfa95b2915a12a7e2c7b53e17ecc0f268c56ed9ae5344eeb6092463bf,3207
Test/Unit/Model/Order/Shipment/Comment/ValidatorTest.php,64ce955fe9be136838d750e94e0a9f9e3176592161d39b23c1744d145168fec4,3098
Test/Unit/Model/Order/Shipment/CommentRepositoryTest.php,eba0e17fb86af29a3099bf4da3ccccb8f06283a94a499170dfffe49e62c48211,6494
Test/Unit/Model/Order/Shipment/OrderRegistrarTest.php,1a8723474cfd194aeafd1334b4f6cc5daca509ff3b3a367a029cfc8a7922f6b1,2492
Test/Unit/Model/Order/Shipment/Plugin/ShippingLabelConverterTest.php,dc96144525a7aa7d7971135233cdce59e8a6972cde0ea19d029d59e91bd31d84,2513
Test/Unit/Model/Order/Shipment/Sender/EmailSenderTest.php,fba11ebed15bf461cdde39c08a5d95cc848a87a1d755c674e5d6f7d4a44a1227,15568
Test/Unit/Model/Order/Shipment/Track/ValidatorTest.php,8f2339ce634a4b64206750210279d7069df63f222a18c6b76a60f903b38e36af,2905
Test/Unit/Model/Order/Shipment/TrackTest.php,bb66e9df9722ad519aabd7fafcfd6c90d4016f474638071fa509518f40445d07,2468
Test/Unit/Model/Order/Shipment/Validation/QuantityValidatorTest.php,bead4e16bdb6b029f101917b74f24cb4d80632526e77759e80c2dd70835bf82d,2025
Test/Unit/Model/Order/Shipment/Validation/TrackValidatorTest.php,204a87fbbc0e439d1799fd7495d40ef0dc33f084a610539abb9349c6e6df3916,2475
Test/Unit/Model/Order/ShipmentDocumentFactoryTest.php,3c9e373e9e70b2d004b9aeaca58affdd4514b777256391b69bd66fd06a41c8af,6644
Test/Unit/Model/Order/ShipmentFactoryTest.php,c8516b64760df3d6771d229617b18f9789a4ef621573ecc18bf57ee03ffbcee7,8739
Test/Unit/Model/Order/ShipmentRepositoryTest.php,c070d8be064b6ab5fc4b20cf6a7c32287741db7d72a9b877e831fe7e4fb65ab1,8119
Test/Unit/Model/Order/ShipmentTest.php,1f2c6712f82057880420c6aad20e9070705c87af261d5508189baf0fe97761b4,4719
Test/Unit/Model/Order/StateResolverTest.php,bf57047800c335349af3e3b7a25b3f0ab4ffedadb875a746bdbe17e5a9397e55,2248
Test/Unit/Model/Order/Status/History/ValidatorTest.php,d2d6769e7719168cffeae6ef66cd5113b195bcdc3295dc690264d30562c6f748,1109
Test/Unit/Model/Order/Status/HistoryTest.php,d7d0b3158f23c7f902e7cf0ac69dab6a9d861ba6db5e19b9f000c55162b3af74,3081
Test/Unit/Model/Order/StatusResolverTest.php,030e357a5547051e0b554c75cb99699e193165b72189223517b1534b3db3cf0f,3188
Test/Unit/Model/Order/StatusTest.php,049e14f405a93dcf51535a92f9184e70d00f6dc0621a0509c8249237d253e708,5899
Test/Unit/Model/Order/Total/Config/BaseTest.php,0fb7b978eb3a76dad550983ae2c92c638fdb6fff891d92e3f0083bb1d5cd6a0a,6035
Test/Unit/Model/Order/Validation/CanInvoiceTest.php,b6cde6858798ff11412ea38013e6eea1848064f28647a6e58b19534d5dc3bb4b,4378
Test/Unit/Model/Order/Validation/CanRefundTest.php,dbb99645fb11ef284f0839ae0995af30b948ed5cd69a8a124b4ab1b908157bd0,3366
Test/Unit/Model/Order/Validation/CanShipTest.php,8b29b58697626f50082b0c1afdb7801c20fd36da25473feb1ed553b8f61fc52b,4265
Test/Unit/Model/Order/Webapi/ChangeOutputArrayTest.php,da22934608789ed03dc41b03c0773bba8f2c46edb238b1255a13b5dcadaca154,3686
Test/Unit/Model/OrderIncrementIdCheckerTest.php,fc9306fadbc4df429e2bc2b754e8615f0420ded584b272a35a017ec06cb270df,2542
Test/Unit/Model/OrderNotifierTest.php,7ee15339225e9302e85e9c425888197ed827231da591ea8f21ff36066b0eb200,3966
Test/Unit/Model/OrderRepositoryTest.php,26a158b1b0b0b4a10c7cdd7cb1bad02bc6d078626094e75f28dcb325e5bb9416,11495
Test/Unit/Model/OrderTest.php,54fdc8b5887823c7bd618cd0efdf7791a3ad199652b93f9df6f4f092314ed165,42344
Test/Unit/Model/RefundInvoiceTest.php,03653a245b038c3b7c8ff8e729af809c4ca994d05d9787f54d8ea83dbd36a6c0,16784
Test/Unit/Model/RefundOrderTest.php,65beebb480ba0832c00a0e14eb7df7107db1d1dc4030f48cc75924bb4a280cfc,15958
Test/Unit/Model/ResourceModel/AttributeTest.php,cce30b537092b8988b8c4c9a6ee6f3d9cbfc3ce27ed887f214428588309298e0,5279
Test/Unit/Model/ResourceModel/GridPoolTest.php,bd368659fe1b76852d7c035dac5105b2ab51c1427f9f4c5f2d5fb53a2e452e8c,3302
Test/Unit/Model/ResourceModel/GridTest.php,18bbc26dc35967a2bdf5b0bb1b02ae9d29a190bbca6c9ccad03075213b941e07,4294
Test/Unit/Model/ResourceModel/HelperTest.php,39ff7b32588e25651b257657089ca08b392e6f3d64cceea16ae78a0a2036564d,2916
Test/Unit/Model/ResourceModel/Order/AddressTest.php,135b3fd266de438524532f666da246917a1d961e6c9e16dbe08cb23a1e5a3456,4152
Test/Unit/Model/ResourceModel/Order/Creditmemo/CommentTest.php,74c5271a08f06bad44304ce69058bb6168d49ad9abc549f83bf459d3a1658ea0,5914
Test/Unit/Model/ResourceModel/Order/Creditmemo/Relation/RefundTest.php,5517193a4ee8b00b39ef7cfe56a13f6f026e22449198e221600ee74e6b342d3b,3026
Test/Unit/Model/ResourceModel/Order/Creditmemo/RelationTest.php,990c7668287c816da00f20af6027d0cdc3fe9a38669d1a80a76df33365ad2af6,3592
Test/Unit/Model/ResourceModel/Order/Handler/AddressTest.php,6a5f74ef3a7a3b58c16043050edd0aee5155d42e4e302a49ef9259e732d0a3f7,8065
Test/Unit/Model/ResourceModel/Order/Handler/StateTest.php,6a711786fb650ce03b414a4b78c00b7dc6976c58748b5750b95128d695c04fa4,16536
Test/Unit/Model/ResourceModel/Order/Invoice/CommentTest.php,3d1ce093bfb44a602f89e97e983d358f9d17747fb60ac29650318c9f2691f115,5869
Test/Unit/Model/ResourceModel/Order/Invoice/RelationTest.php,77f600e1f07ff4988802e3bf03ac6d55a6714a00e0ae55ae323d679b933c5a71,4204
Test/Unit/Model/ResourceModel/Order/Plugin/AuthorizationTest.php,403c263a60f089e797dbd2588417938246c89527ca99c0abc649c8bd097a2b05,2901
Test/Unit/Model/ResourceModel/Order/RelationTest.php,142b1583766fe7b0f96d3ff74c0e5e28170e196a2d032ea866bdaff2d834bbfa,7014
Test/Unit/Model/ResourceModel/Order/Shipment/CommentTest.php,122d8dc49c828784b9100da00cd34fdee58821679f8566d6910a8dc90455a9da,5883
Test/Unit/Model/ResourceModel/Order/Shipment/RelationTest.php,81b2fc16ba46af93a9c1df0d5b34eae664a0ad89b6883045147fc62094d3d36c,3573
Test/Unit/Model/ResourceModel/Order/Shipment/TrackTest.php,0c7ffa3704033c9163312dd4b6b9d429b409d79574c32ef9be52c5a6a5c55c0f,4609
Test/Unit/Model/ResourceModel/Order/Status/History/CollectionTest.php,1f80e31dccdd27e9a585b125a7d2f7d2c03af4ffc12d362fe3750a4cd9283f77,5088
Test/Unit/Model/ResourceModel/Order/Status/HistoryTest.php,f6f849f0a69c78fb51d601cfd3139d1ba3776118476a70c3834fda43eb1b3e2a,4366
Test/Unit/Model/ResourceModel/Order/StatusTest.php,5d3158ebc7b7cf8e153e0ba7bddbb21963d9cc0e80ff8c2169b5bf934dc392c2,3252
Test/Unit/Model/ResourceModel/Order/Tax/ItemTest.php,29734654b2c8ee868c03ef35f19070f5e5e683d551e7b74875615a709ac6fdb7,3041
Test/Unit/Model/ResourceModel/OrderTest.php,43756fc140381a1e24f2cb4d977d267bf509bb52ea23b376dd035d61862484be,8399
Test/Unit/Model/ResourceModel/Provider/NotSyncedDataProviderTest.php,211dfb5569e16d56fd9570f033e884c5fd409a8c934c6f396cc8423754018853,2252
Test/Unit/Model/Rss/NewOrderTest.php,af1273a409c3a88ebd4fb0021ad1873206a40bda2f8c75f049c7f459d62ee406,6772
Test/Unit/Model/Rss/OrderStatusTest.php,3adaedc6a0d0ebd1ac6e0c2be24dc0c6fc5478c206a2b21d60a2546139f467cb,11089
Test/Unit/Model/RtlTextHandlerTest.php,c89b996fe2e6ba14ca35dc101ce7bd27ab80c4a479c05317ddc4485a0ad297ac,2133
Test/Unit/Model/Service/CreditmemoServiceTest.php,b49d452cc9db9c527286aedb5bf95631a3387360da88e41ae219b8b3f4903ff6,18098
Test/Unit/Model/Service/InvoiceServiceTest.php,a4a7066a8c51e0dca9abc66d63c0d41a631645301db3a6d5e523d38b76fd7f0f,6142
Test/Unit/Model/Service/OrderServiceTest.php,212d10538eac6bbce08b710e7441cd38c0ec5c8ae859e6f8b60cbb3bd0e07257,10419
Test/Unit/Model/Service/ShipmentServiceTest.php,a40d6713ff9a5646ad13041a8a38cd0cb1c9bad0e552b5c10ae1e9f7e59dc25a,5596
Test/Unit/Model/ShipOrderTest.php,d0ce3c39956dd76c2a12b9f572e0a50fd2d5698a8158fd8c3b12a3f84f4da3b5,16752
Test/Unit/Model/Status/ListStatusTest.php,3d03729171661893449dc65e2cb0a20f96a8e7b79a597c1a7949279923115a9e,2684
Test/Unit/Model/ValidatorResultMergerTest.php,b10588cf19e54e92ceefd29e5e5c531da88e81347e5c4d29c00cf1ceeb33fb57,2775
Test/Unit/Model/ValidatorResultTest.php,e09f60fb3bb1cde8caacd00dfaaf713467150bc61ee66a2fbae9185e3b03662e,1959
Test/Unit/Model/ValidatorTest.php,e8dc9d8da52ec33c1ebcf4390ccdb185b56728fd8ed5efe3f5f04f36df90bf0e,4149
Test/Unit/Observer/AssignOrderToCustomerObserverTest.php,422588f238117f7e0aa4e86b1fc18bdf9d384c3d92bea4e6442fb6fb24ac91ca,3651
Test/Unit/Observer/Backend/CatalogPriceRuleTest.php,cf6c45053e21db54a89cf1e01e25431aed9de14b1b600ea4e426f443bc411290,1113
Test/Unit/Observer/Backend/CatalogProductSaveAfterObserverTest.php,0d272346129272d922d78b1db70d90eccc949594cfa93cbe2a9e29b4719cb326,2265
Test/Unit/Observer/Backend/SubtractQtyFromQuotesObserverTest.php,12764ecb8edb256f393f1c1f3351acace4210fcdec0956aef897b417e20f42d2,1828
Test/Unit/Observer/Frontend/AddVatRequestParamsOrderCommentTest.php,5b4cbd656ed83e965f6f9cb2efca28b7bb832aa5abd6f3569296117fbb387d16,4158
Test/Unit/Observer/Frontend/RestoreCustomerGroupIdTest.php,1b5f0a970be2cc695aaea2721b6c4b96487dea03f036477d545495b783032431,3600
Test/Unit/Observer/GridProcessAddressChangeTest.php,dff0a4536d468ebcc69871896de90d67577ed06e2e5450342649bec1b8ac7792,1569
Test/Unit/Observer/GridSyncInsertObserverTest.php,a04d9beaf47d31dea94ca3a70fcf05ca3d282a3a04329eea29928c5658927ebd,3096
Test/Unit/Observer/GridSyncRemoveObserverTest.php,4bb30f61a83b02ccca6ecf25e072e569f3322c350b672427bd6f14054f3096c0,2143
Test/Unit/Plugin/Model/Export/OrderGridExportFilterColumnTest.php,c2a24705ea3c607790d11caae0339196fbae9e63eb483ddfd87591ce636f9c3e,5275
Test/Unit/Plugin/Model/Service/Invoice/AddTransactionCommentAfterCaptureTest.php,c2fe058267ab64dc0cf95ef449b1d7442c8a294093278588f44dce9c23aa294b,2558
Test/Unit/Setup/SalesOrderPaymentDataConverterTest.php,0580c083ffd666e3bcc7344e57e834fbaf3d831e80f26074c854068b2fa2f63c,2160
Test/Unit/Setup/SalesSetupTest.php,b3eb4ab203610bba78bec3f7419411acc294a71f48094841dcd8f42588ad5668,2718
Test/Unit/Setup/SerializedDataConverterTest.php,fb19f64a2cace7871b522254edfad0defc9644d663165fabf81e842097b10bbd,6238
Test/Unit/Ui/Component/Listing/Column/AddressTest.php,a5f725ca824ba035a508837e6d2fddd237b8158e2f28de7db3afbc458ad5f77d,2100
Test/Unit/Ui/Component/Listing/Column/CustomerGroupTest.php,b1dac2f9550ae16060c17029e6e65374c36ade1c65b69e35eed8fa045fd6b208,2422
Test/Unit/Ui/Component/Listing/Column/PaymentMethodTest.php,5713a78a31efd0a54ddad185d66e7705e5ad0022418f124ccef5538edb693f3b,2356
Test/Unit/Ui/Component/Listing/Column/PriceTest.php,2aaa13109441d5d7c7e3eba31592d14281ab3bbacc1979d5302070d7e6e27b7f,5484
Test/Unit/Ui/Component/Listing/Column/PurchasedPriceTest.php,5e10275c46d99bfb18e772154ba5f37b1a43548751d1c50502cf7881a60f38fb,2586
Test/Unit/Ui/Component/Listing/Column/Status/OptionsTest.php,87ad0817671e9f826bc17b66ad9312863a6280438498164d9806582540591a74,1983
Test/Unit/Ui/Component/Listing/Column/StatusTest.php,9946e803c5e6ce93803a29f31c5fdba1fe54482890f5ae09c6ecfd3781ac660b,2221
Test/Unit/Ui/Component/Listing/Column/ViewActionTest.php,386ed81c952795ef63ad348af7ddbf3756385ee4b5c5b3abc6787206bcc8d3b7,3314
Test/Unit/ViewModel/CreditMemo/Create/ItemsToRenderTest.php,fd2e5b2b046c8b3f64b4baafc3e729f3f1eff3e667e88fe01f0c082ed08d0298,4440
Ui/Component/Control/PdfAction.php,6115672487393dd021feea7995d758bd2543dce17c6fa5e6436b3c97ec039149,672
Ui/Component/Listing/Column/Address.php,f733f9a33b026441f6defea0dfd0b6d31daa73e02da9c88acbe1d188c382192d,1530
Ui/Component/Listing/Column/Creditmemo/State.php,c1b79bc355679beccddfae7870de2e77b1b4dd57d4e079e6de4627986a5b1c20,1726
Ui/Component/Listing/Column/Creditmemo/State/Options.php,9896f596a5291c4931824cfb5d5d2969dff8a2fd524c2f1445fd3a1b39f771de,1307
Ui/Component/Listing/Column/CustomerGroup.php,f739cf6c2a3b834923055943ecba34a146c76afeeedfe1f1b82cc6d933583298,1986
Ui/Component/Listing/Column/Invoice/State.php,4430e3bc69b3039995862369040eddc798b5be6aa2ac1eea9330205dd18224f9,1705
Ui/Component/Listing/Column/Invoice/State/Options.php,093d057d4af1573b9919b3f263ad52b71fc6231b1b4db33303bd61a5e1b2eef4,1274
Ui/Component/Listing/Column/PaymentMethod.php,cd3d5dc3c67406ea6917ad655c7e2a94eee83a3c62f1bd59b9978d609f3d13f0,1792
Ui/Component/Listing/Column/Price.php,3c2c99fbf7307446dc25ae0639d635f743b6dfd601f6088f6d1b50545005d7be,2985
Ui/Component/Listing/Column/PurchasedPrice.php,1230a21b0330477403939529cbea7a491366a9de09d6ea4eea5be883e5c49302,2122
Ui/Component/Listing/Column/Status.php,2397def6a4fbc8650b156a7d194fd2bf3675166f01a0196218361fb2f381032e,1712
Ui/Component/Listing/Column/Status/Options.php,d5e988d65987f53a66db6d73d0332cc96cd5c8f7fb8ccd1272921dbaef6b59b0,1066
Ui/Component/Listing/Column/ViewAction.php,15422c2cf15cad8e6cb44bb6a8fffb72d0378e5358f42a562bb20f6c28f5c4bc,2139
ViewModel/CreditMemo/Create/ItemsToRender.php,2506c8cff79b502b8754f9a9d220d55f0a3d2afcc073af9876898cbf01c117cc,2268
ViewModel/CreditMemo/Create/UpdateTotalsButton.php,7e4b84d1b671a27cfa9a0caea8be85ccdcd176c20d3a56db5c6780f2abc21a33,1762
ViewModel/Customer/Address/AddressAttributeFilter.php,a28b5af968ccfd75ab337225d65e2afa6a4fe6e901d79d027dad4d432d473757,1537
ViewModel/Customer/Address/Billing/AddressDataProvider.php,e79b4439a17cea9d9b3118e022391d83be3759c152d6e30a6810f547467a88ed,914
ViewModel/Customer/AddressFormatter.php,e2fe17591cc955dde2f5593f2f0c91933109e0a812c16690a701073f01b7a7c6,3740
ViewModel/Header/LogoPathResolver.php,3eb6f581294c7aca8c173e4332b1b76b49945834adfd5e8088534a52682dd236,1979
ViewModel/ItemRendererTypeResolverInterface.php,24ede9f89fcb47e2be4572eafef662bb1b95a22ec1ebc73d30974bbf97730455,479
ViewModel/Order/Create/SidebarPermissionCheck.php,6c23dd153c36f61ef29c2e0b1bd9c354805d090afedcabc2e664d34222cf624c,916
ViewModel/Order/Entity/EditCommentCheck.php,22896987a6d3f026557a084478bd1332b156922df723931dd6e966010998d42f,1686
composer.json,09efba102cc6d9c8d93cf9c07973a4b383ff8d7768e63f6c2b7599438bb6f720,1557
etc/acl.xml,5fcbce8cde3e02e8ed0f3cff6b7a4cd638c3177a7fe95e48ce1c56072085818f,4440
etc/adminhtml/di.xml,d2e72d176beaecc1166b88c44048484b04456002455e97e8d45a80ea644aee0f,3373
etc/adminhtml/events.xml,01f4f5bf6653b87951f30ed8c04f7dedfe50b9bfabeb29fb1865200430b7a832,963
etc/adminhtml/menu.xml,8cfb13f2e74b62c9f4b8859ee338c3fa900ec22bf9ed9b3234733ef302e9409c,2066
etc/adminhtml/routes.xml,a639061c42a9b241590b943d49f1f304f3098ab6474375608629d7b07e2ca9f3,445
etc/adminhtml/system.xml,1844a0ffbec1c47f4f7be21a72581af317879b1dcb372b9dcb85849f4a454077,40576
etc/catalog_attributes.xml,7c77ad3be15476fbcbadae5556a412c55b1b9dda66f5a7705b0cbeb07bec41a7,992
etc/config.xml,568c417eeafd7b60a4329ae4fe3ca488eda8193e6f3219fa9adafbdbd8a20922,5759
etc/crontab.xml,135bbda47458b571707b9d233465739ee16fb3c0a2f52a287bf9f8e44d21aca0,2892
etc/csp_whitelist.xml,a4f01991e1e5df7585389718932d6c2ebf283098c747a8ad7a2ca7b4fbe4ab86,1241
etc/db_schema.xml,f44eed839eaae55921c3fc32f3945b1051a9bf6fd54c1d0d21330cb3788f86f9,151588
etc/db_schema_whitelist.json,bbe1f97a211e6e1ac886944b6d3c262039b7c859a530a0f1a5bd44f835de4426,44134
etc/di.xml,89b8f9a467bf56de84e6932285f1134a22f7007bbf09364eb73e53147a90c4e6,72488
etc/email_templates.xml,f325e6b02cbbecee133a70019d9837c9a3bf6713b25843326e5a59eb8e707c7c,2928
etc/events.xml,1e774ba6759f8af4ec392f4ec1705383a7943e21e4e98aee5617982bc3f3f0fc,3474
etc/extension_attributes.xml,cca5b9982f18bb10dadff87d23c26f77d0f5e92fda19ca14c37a4231dbe046e8,887
etc/fieldset.xml,51684a3af357f2c55685b8d5e34bcd419ee816cf0a48f02e25ba6baf4aa1b48e,31759
etc/frontend/di.xml,aae4f684b5aff88912691dbd1a925ef3040e34ce1f20237791f3ff4d28b33b1b,1200
etc/frontend/events.xml,18e43f100586043d5c7dabb7839c9227c4841a28746d196ae68639304e01af02,480
etc/frontend/page_types.xml,efc4db66946326750ac37a91a5c6b36cfdb23feffa27a6b4c66b57f76bef9a84,1835
etc/frontend/routes.xml,8648b7e7e92a19eaed0f58c70deade2ae229c6fb5d235c253fb3fdc6e9d4017c,423
etc/frontend/sections.xml,e53a475857edb51b7a8476074052e3746dc9246c9fa87790e80434bd831cec07,466
etc/module.xml,0da77891dc587853691ebc3b62aa92cccee515f2d23e4ce3bf306065865b6b5b,596
etc/pdf.xml,74e7748f71022c0952e0b0ae32abb381456d0674460ed7744de1b5e76a8b88e6,2671
etc/pdf.xsd,89bed1ff4d4730d5aab65e123114c964204f8692f3a66575b9f4de828d8ca525,3794
etc/pdf_file.xsd,0611ee79be9da697cce68ebb6721c04e76fb570bab0d6e52ce5f8757ad3efa5d,1412
etc/resources.xml,bea97f390de64bbc5ebccc21fa0eac220b0dcb1737b944d19650a4585d876de8,398
etc/sales.xml,0a3c91b2cd381e59e7818ce927ab038fd5ada668e97d5a16f514345662fd88ca,1949
etc/sales.xsd,532697a90d391e9c545b371db88403f72c3a75366315f867ec7d338c04c6e838,4976
etc/webapi.xml,9af0da120e728e5a2266f2f502c39ca4a289058d8f92a40d3e4139873583ead0,11716
etc/webapi_rest/di.xml,af2a4d17bb7918fcb1956a012ad7d82c54df555d6dcc791f9d051cb9a114f727,1200
etc/webapi_rest/events.xml,18e43f100586043d5c7dabb7839c9227c4841a28746d196ae68639304e01af02,480
etc/webapi_soap/di.xml,af2a4d17bb7918fcb1956a012ad7d82c54df555d6dcc791f9d051cb9a114f727,1200
etc/webapi_soap/events.xml,18e43f100586043d5c7dabb7839c9227c4841a28746d196ae68639304e01af02,480
etc/widget.xml,55f4e76e9b51cd1ea92e1df62871579fd54643cf5ac24d35b85c219c12be0f16,1524
i18n/en_US.csv,f5a2589d8d00a850e7f70ac51d7a19e61df56c5b7ce508b085f79336707477a0,47158
registration.php,ff5a96ae00d38a47feb110ec31a6be51cd022a8ace75e5ddc2e69095fc855d55,243
view/adminhtml/layout/sales_creditmemo_exportcsv.xml,b9e553c82e3a86f3d5e773c9e8d0d774fc0f360681f771593df2380b6398c819,536
view/adminhtml/layout/sales_creditmemo_exportexcel.xml,b9e553c82e3a86f3d5e773c9e8d0d774fc0f360681f771593df2380b6398c819,536
view/adminhtml/layout/sales_creditmemo_grid.xml,a1153472686e6db4a0b6334cabe4a33e8ad0547de6a2017f3fa041e259cb7b70,589
view/adminhtml/layout/sales_creditmemo_index.xml,3726a28c739bde978b1a366ccca17b6731d1af6d1404f89240841ce2c8005973,481
view/adminhtml/layout/sales_creditmemo_item_price.xml,2ccbfaaa2309db2565b113f13b8fc2fe88ed086799a5ef2580f0941cc65a4620,903
view/adminhtml/layout/sales_invoice_exportcsv.xml,665a3a93fd90dcf2cc7cee02be483500de97681331285d1eaa3bd82676d4e5e8,530
view/adminhtml/layout/sales_invoice_exportexcel.xml,665a3a93fd90dcf2cc7cee02be483500de97681331285d1eaa3bd82676d4e5e8,530
view/adminhtml/layout/sales_invoice_grid.xml,5b55c9ea1586299129800ec9e763c83ca40f347bfd2b058e724943a0f98ff693,583
view/adminhtml/layout/sales_invoice_index.xml,30d7c4ab19d9b2c4bb39b158396ad0a5f99746d5edb862de1c8497f64e651221,478
view/adminhtml/layout/sales_invoice_item_price.xml,dabb4f550e93acb43ab35114d9b64fc38030b12621825e870bef2fdfc3e7d2c6,900
view/adminhtml/layout/sales_order_addcomment.xml,05d864bcc271903c4966a8805729d57258e3a4e14a1a209fb8189bb6e1fb2fb3,483
view/adminhtml/layout/sales_order_address.xml,66c385954afa37bfd5d188d235776d65864521885332c021dcb78efe428d1577,504
view/adminhtml/layout/sales_order_create_customer_block.xml,a590e5c9f7782c0e529c92cc47a301bea03467d31eea22a44381938a3c76b1cc,6531
view/adminhtml/layout/sales_order_create_index.xml,bca3dc02610daf1e35bcaa01cffc349b16c26c76c1b5216846eeba231ea44289,11788
view/adminhtml/layout/sales_order_create_item_price.xml,99f26e8338616dd8a633daab8ac60a40cb63546db2fd3e5c01da75ade6c3ca50,819
view/adminhtml/layout/sales_order_create_load_block_billing_address.xml,e019f148eb0fcf4316c7dd66e4c049a175397b1f182c94a2cfbcbb9afa0723e9,1257
view/adminhtml/layout/sales_order_create_load_block_billing_method.xml,d57b0810e8bb50b50f6965fffdc7a0e76b5367777f769949aac8f9554eae8b12,783
view/adminhtml/layout/sales_order_create_load_block_comment.xml,d7148d881459e4a5a727d1c938943e950afe37c0cd4ebeaf27b70823b4cbdf2d,537
view/adminhtml/layout/sales_order_create_load_block_customer_grid.xml,014d510eb62e69dfc31b951c3fa253fed6454fda9ca3922f7e385321d89346bb,577
view/adminhtml/layout/sales_order_create_load_block_data.xml,aa2395991243ef23acc0374415b17d52ba1e129602f485073158e5e3a0bd41ab,8914
view/adminhtml/layout/sales_order_create_load_block_form_account.xml,2c3c2dca407f8816343c81ebd11ea19f13ba9deeeaaa51d00141ba380a1d53fd,552
view/adminhtml/layout/sales_order_create_load_block_giftmessage.xml,11de64807731d0c1d4eef1d2fee705a69f8ac59e59f2536985ca327c79cc223e,549
view/adminhtml/layout/sales_order_create_load_block_header.xml,252e87562b40e8db2d600116bca7fe120cd3b572fc7e7abd626e4eb2950cc92e,482
view/adminhtml/layout/sales_order_create_load_block_items.xml,07b632bf72360318bbbb24d25da825924e3effad0777e59e8c732916ed18be69,1279
view/adminhtml/layout/sales_order_create_load_block_json.xml,42a720cdf83a068dbbf6db0070e6ff21f5c8767ccaa0160389fef068d56eaceb,478
view/adminhtml/layout/sales_order_create_load_block_message.xml,7ed2d0650bce646889b71a99aa6bf967589343cfa90b736f7af637ff386a6949,485
view/adminhtml/layout/sales_order_create_load_block_newsletter.xml,6db6aa42c14da763648fb01e8f7b99f7ae24ac945f71fc1865533fc765e22de0,763
view/adminhtml/layout/sales_order_create_load_block_plain.xml,abf22f969c810e3a406fc36acedcec70b381d063b358dfc3704b368901c6d543,442
view/adminhtml/layout/sales_order_create_load_block_search.xml,f93ac35cf4650c36de4da75c270a9088ac01f659cb5407f8c43830370a7da99b,944
view/adminhtml/layout/sales_order_create_load_block_search_grid.xml,0e517ec2632ca35eb64984b990180c12e98dd1aec51d26ac0e394038dc1eb8d5,753
view/adminhtml/layout/sales_order_create_load_block_shipping_address.xml,0e8723a960435aeb53bf13f24729cfd4486d20dd8ae93109c43ef738f994ce40,1097
view/adminhtml/layout/sales_order_create_load_block_shipping_method.xml,914b492038b90cc7a7a0ed301139c06d1a500bd5a87a3be84d8de717c32feb91,788
view/adminhtml/layout/sales_order_create_load_block_sidebar.xml,b0585fbaba1fe97a91d45b52ce2a9506259173527d2216393ad68d381f1ce767,3619
view/adminhtml/layout/sales_order_create_load_block_sidebar_cart.xml,4c1efb45ff732ee48d489f490030c8d2863567e14df4f0ccae113ef1a74043b3,779
view/adminhtml/layout/sales_order_create_load_block_sidebar_compared.xml,e354b36c257961274c74201d1f3e467f5823d38c76e31a90b2121dbd462816d3,787
view/adminhtml/layout/sales_order_create_load_block_sidebar_pcompared.xml,01a12238f8549cd44e655028bf72ae38e6cfba347214490ca26cd974fab52201,789
view/adminhtml/layout/sales_order_create_load_block_sidebar_pviewed.xml,d1426d6e094584436dd4cc9d06bf41effdbdd5fe1a8daffe9a774f1b95b5656e,785
view/adminhtml/layout/sales_order_create_load_block_sidebar_reorder.xml,fcad40793061d56393b31ecff1a19c5bb645f716c9499ad58f0cf689b9efc697,785
view/adminhtml/layout/sales_order_create_load_block_sidebar_viewed.xml,3338c8eee38e7f1b62f4dcda4a9a79601edc4b6a223099669db04f1861167f66,783
view/adminhtml/layout/sales_order_create_load_block_sidebar_wishlist.xml,66a08c6095422ff03f7b6a89ecd1c2e3424554ef4b4b69064549487b681493b5,787
view/adminhtml/layout/sales_order_create_load_block_totals.xml,23df3791ac4a3fa5eee1c6354354a5b4313e0f3c0b80adcb00acf1f0710d49d8,534
view/adminhtml/layout/sales_order_creditmemo_addcomment.xml,7c56c3ebef9a0725b32c72864fb16cebbf3699f9a761a2a184f5f3d9200d7439,811
view/adminhtml/layout/sales_order_creditmemo_grid_block.xml,7b9c8df1d337e04cd1e0afd163838241bccba0ec7336adf12e43c0a3a94de300,6436
view/adminhtml/layout/sales_order_creditmemo_new.xml,d7bedf95bab0a9821413ccd633b3c77f85a1fcc722ed294cdf1c327da70d6432,3293
view/adminhtml/layout/sales_order_creditmemo_updateqty.xml,1401e2993e050c27268bb9c8ae897eabfc878e707994cd977c18f1c393fbedaa,2137
view/adminhtml/layout/sales_order_creditmemo_view.xml,9188a54b431a7c1e45b45012ec4ed415f958f1a821936725802495bad6ea4a98,3134
view/adminhtml/layout/sales_order_creditmemos.xml,f82f203950f3dff8b84c0f1690b8d53d1bb3595e67f53ecc99cae6932f854b22,521
view/adminhtml/layout/sales_order_edit_index.xml,a835da02f09ee8006cb1230a52c9b8917b998f17ce9d0e2c15d06cbd37430214,352
view/adminhtml/layout/sales_order_exportcsv.xml,73022f9599aa0c4225b4e33fcc7b557d71e27a639cd008280694a53b9a94507c,526
view/adminhtml/layout/sales_order_exportexcel.xml,73022f9599aa0c4225b4e33fcc7b557d71e27a639cd008280694a53b9a94507c,526
view/adminhtml/layout/sales_order_grid.xml,c58f6852aebd9fe4f65355b1ad20a61614ba12755aa1b64173c6e04580cd540f,579
view/adminhtml/layout/sales_order_index.xml,948155e1a5df3208bb9167aaba5c8fb03705df184cf0bb912b815418e50d52e1,470
view/adminhtml/layout/sales_order_invoice_addcomment.xml,bb103f469f7efcaf8d44344319c58f994b465d6968fbb885ffd46b97aa26348f,805
view/adminhtml/layout/sales_order_invoice_grid_block.xml,e5af0c41ea877996271c911e89637900447a376985a078ece8692d73e53e00f8,6371
view/adminhtml/layout/sales_order_invoice_new.xml,a6a879c61def87353248624baf6763bd04ec39363518c8a22c67d7ed34a0fb65,2784
view/adminhtml/layout/sales_order_invoice_updateqty.xml,92e2524baec44081d54d59fd036b7178e2ea205c6b9ebf2b2d48f85f656a706e,1472
view/adminhtml/layout/sales_order_invoice_view.xml,86516208f9691b51e79ced41454ef89290f4f44dc0537c8c18ca5d2404936076,3096
view/adminhtml/layout/sales_order_invoices.xml,d5c670b20a3697e152e769885342a54dba5716d3f58782f96384b88d1dfe7df2,512
view/adminhtml/layout/sales_order_item_price.xml,462495aa8a9f1e6bb63b9e05ea79a184bc07fccec85b77c3f3b8bc22a8b19a9b,898
view/adminhtml/layout/sales_order_shipment_grid_block.xml,dd33671240fa259311d384db80d981cb29d7b8760479e0823a6e78bd094d37c0,5327
view/adminhtml/layout/sales_order_shipments.xml,30da93dc1a9b743e657ce1e3a4e4512ced5649319223cae5690db1aada737016,515
view/adminhtml/layout/sales_order_status_assign.xml,2cdf6b3fcf529641eca28c7b005d556b5bcebb1f9a4e2defab357994c2e506dc,511
view/adminhtml/layout/sales_order_status_edit.xml,c671765a0a5db670173aeff2e6d9dd11ceef622834431f20ff0fa32b745d5605,507
view/adminhtml/layout/sales_order_status_index.xml,6923adc363e0ce98e148cf972d09bd9a0faa94a81650f592b633fb02c7e002a1,7939
view/adminhtml/layout/sales_order_status_new.xml,838e1b9a64b179d0dd476367b7537dc529a0718e62f30adb2523fc8738f2004e,511
view/adminhtml/layout/sales_order_transactions.xml,927367e57e4c0148957df28c4188d66cf0d17e1207b69f9a00871614dd61ec8b,520
view/adminhtml/layout/sales_order_transactions_grid_block.xml,053e9469ce20808e42d05e4d9c810c6073a205ba28ad32cfc13b3327babbafe8,2290
view/adminhtml/layout/sales_order_view.xml,fd3b0415e69260ac1a188491a594d1a60f310c0732857ea9a03a55b12f9b4808,9120
view/adminhtml/layout/sales_shipment_exportcsv.xml,bc0eb32350a76925b399481fc1f7426891012e62578d567ade9e5fa9f303a3a9,532
view/adminhtml/layout/sales_shipment_exportexcel.xml,bc0eb32350a76925b399481fc1f7426891012e62578d567ade9e5fa9f303a3a9,532
view/adminhtml/layout/sales_shipment_index.xml,b99aa51ce7d26d9837bfe82bf50d2603892afaddf1ebb123559837006ef595aa,479
view/adminhtml/layout/sales_transaction_child_block.xml,d3265fe5587e823941b1ffd7f59c8c557d2b8abd21f0b02c0ee7b3cd757d0bde,2988
view/adminhtml/layout/sales_transactions_grid.xml,23a3af8254038885c11d45f0968903aaa8fcfe6dad1cb9a1b86d33796171b506,593
view/adminhtml/layout/sales_transactions_grid_block.xml,e6722267b2504b2c22b69a1592c9dc6ee7b18554350d130f9f005f5db4488c32,8983
view/adminhtml/layout/sales_transactions_index.xml,a205bf5b6fe3030717075f754dcaa8bfc6e605dc35e951e6567b2978f6c83a39,555
view/adminhtml/layout/sales_transactions_view.xml,e51d9f3816a5a6efdd120606bf29c5e526e6f641e4ab3b258217cb27c9e0bc7d,1126
view/adminhtml/requirejs-config.js,b6c28a24592e164fc2352c5b448d6fcfc2162810f2a94b9876990637d7524a5f,224
view/adminhtml/templates/items/column/name.phtml,c1a4b67e5e07bdaee0aed805e31e2ddbf59663f0aa3ba56bf03e5670f2052475,3498
view/adminhtml/templates/items/column/qty.phtml,2744918d272fca15480df9099e57a74cdd1bdf807865bd266b35b18e4ff7dcd6,1344
view/adminhtml/templates/items/price/row.phtml,04b4991117bce126f936a1b3153be83b0b32a48783bd882e856a54452f3a4633,357
view/adminhtml/templates/items/price/total.phtml,5ae209164b88f88fc897554526ce4c9ca0881293121ce8bc79ed4bbdf5b9e76e,335
view/adminhtml/templates/items/price/unit.phtml,b43bda22cfbc6ea05b66dc98bf9795cfc6d0dd1befd9d52104cbbca4db05b6d1,347
view/adminhtml/templates/items/renderer/default.phtml,a445955082b7f30ffdb1b8a12fa8b18ddf3e445a637ee86b349c894153d7b2d1,1088
view/adminhtml/templates/order/address/form.phtml,466d3144450513b1b9c4f59795c767eb93db33c5c2388c708e7509cd8ed14fd5,814
view/adminhtml/templates/order/comments/view.phtml,82fa650d5be87b59e9854567fc40348c7a93da0fb407ed9dd1407c7b44790aa6,6432
view/adminhtml/templates/order/create/abstract.phtml,275c091a0835db5babadff5c04c0b998f66b39490de5695da58e8feae249e28c,409
view/adminhtml/templates/order/create/billing/method/form.phtml,4093393eab286d89a52deb804488e2eaf6cb8f3a6ef46906b52a029dca881a45,3816
view/adminhtml/templates/order/create/comment.phtml,fd845a85805de87299b73a6efc66e21c0bc71fcd74f2989eefaf2d6ddce8378a,950
view/adminhtml/templates/order/create/coupons/form.phtml,50b74b0f3500f739508d0833d676670b4cf2650add1fd237420c89d31cfd3ea9,2337
view/adminhtml/templates/order/create/data.phtml,bfa888de52b15aab5c0e6b3a1378a968ff9819c1866ee6623dad971afde370ea,6185
view/adminhtml/templates/order/create/form.phtml,03da1b945c7117c6086c20e84f4579ea5f270dc73b0b33008e7e3142e16743f1,1981
view/adminhtml/templates/order/create/form/account.phtml,4350a88375c8b236869b660e4f40fb0eef6902b80a79ef160f4ea464522d1b9f,876
view/adminhtml/templates/order/create/form/address.phtml,babc14b9c246ff79d4ad3e30054cbbdd6f7cb89775b23bffae9ecf4b878d309a,7381
view/adminhtml/templates/order/create/giftmessage.phtml,f5e20fe94941d4b78ad24d572514634509e7b1ea64cd6b6d8a08ffd7815b3c6c,1609
view/adminhtml/templates/order/create/items.phtml,c227e07de726b00ddd4e0e13a6cbd65b57051408691edce2735f7513134dbb2b,418
view/adminhtml/templates/order/create/items/grid.phtml,da4a795cee93d7b1cd069da3d2e54e8b9ff82d5120e95c42215534d6066c90c9,16029
view/adminhtml/templates/order/create/items/price/row.phtml,628da66b5f219fc9013ae7dab1f8ecf855fb0450c8d248ee74755b80f3c617ca,325
view/adminhtml/templates/order/create/items/price/total.phtml,36b489db27b590bcd657493df3ebab46a25c1acaf8a08a600432abd4f7b7641f,392
view/adminhtml/templates/order/create/items/price/unit.phtml,c45032765ad7e85e156cd1aff2659db4e36307547c99065c3a6b753e97d741c2,329
view/adminhtml/templates/order/create/js.phtml,8f2e163a9273b10aeec7c1c48a1f94492b84f4586c6d06cc69acbd9855d26f58,884
view/adminhtml/templates/order/create/newsletter/form.phtml,7d94bae712d72a6369593f63b672c476198be4d8119d332013bb6a6bd5e60f7b,471
view/adminhtml/templates/order/create/shipping/method/form.phtml,bd089b882640099daa0019f3e8068179a4b8fd18b482e5be33dc51997d373b21,7608
view/adminhtml/templates/order/create/sidebar.phtml,cfc150f51cb64de3863972b84588d33b73331c6051530ee53cd882e94cbeab59,2786
view/adminhtml/templates/order/create/sidebar/items.phtml,357fdfb6197b470c87db125e3a872edae7d7cbc1d232e8cf43070ed7951fee8c,9208
view/adminhtml/templates/order/create/store/select.phtml,42948996efabaae7aede9b5d1d7f6bc651e7d35575006946a8b9d0df88f80eb3,3667
view/adminhtml/templates/order/create/totals.phtml,de0097befc45a4f545c6975f600c389523477ba042d2001768ff6a637072555b,2434
view/adminhtml/templates/order/create/totals/default.phtml,7f3c68501d0ea500f48779d145b126675cb326d8b3b34ebcb0c4e4498d23cf3a,1467
view/adminhtml/templates/order/create/totals/grandtotal.phtml,412ee9898f71f5bc23e7d845c31dd9961842e90791562fcbafd41ec900f8f07c,3134
view/adminhtml/templates/order/create/totals/shipping.phtml,2b0dcd9d43dc4c6b17b47aaf46c1911b7385161fc5c88c6d89b5576c683685e4,3610
view/adminhtml/templates/order/create/totals/subtotal.phtml,345208b3da878efe858025275a8814d0450d2e3c818357605b935982758091cf,2810
view/adminhtml/templates/order/create/totals/tax.phtml,e0fb4881226271a5446b5b109ea636e4d4f4b89af927f878f27bb94a01a9bb32,4570
view/adminhtml/templates/order/creditmemo/create/form.phtml,5eb0486168f0971b6460f433d2ad7caeda75b6afed5c9b78421408cc9b4961b0,3512
view/adminhtml/templates/order/creditmemo/create/items.phtml,acd267dcd64b722179ab65ed374f4bc742d28c59d27db61237769ac2702a5a99,9128
view/adminhtml/templates/order/creditmemo/create/items/renderer/default.phtml,a1ebcdb9f1ca983d220bd0d75c812581580af5a6c854fa527c3012ad473140fa,1892
view/adminhtml/templates/order/creditmemo/create/totals/adjustments.phtml,31042bf16453f09bbe4f629424aeb813c135350f4fb0257575e126b860ead2e8,3740
view/adminhtml/templates/order/creditmemo/view/form.phtml,9009449df22f19555bb55db14dd7564c481a8911be765c5a179c6d8641365296,4937
view/adminhtml/templates/order/creditmemo/view/items.phtml,423c610182f39d2d882e7072482d4b267399eda4ceddc3670103cf8cc108a00c,2059
view/adminhtml/templates/order/creditmemo/view/items/renderer/default.phtml,d1fa1f2a16ad02fba5eb70bd635a47b3123a712ba49a29681d2c0f590bc164de,981
view/adminhtml/templates/order/details.phtml,a10039382954125358e55ae35ddfc3c1841bed62a86d0c4ac70ae89d8fcac0da,7720
view/adminhtml/templates/order/giftoptions.phtml,b745c2ead23a8e7b5f28ffcd1303ae41375cc3acb8266fb0add798417c8990a8,391
view/adminhtml/templates/order/invoice/create/form.phtml,1dbe1d428b60a595ca220ed2140b6441693d6aa6f734e816837dc81014c4b9d0,6452
view/adminhtml/templates/order/invoice/create/items.phtml,fd9b5e5fb990abc20678694c4c51df92f6fbc741bf38acd08ad14e36e2f2493c,9045
view/adminhtml/templates/order/invoice/create/items/renderer/default.phtml,555ef9169106eb616a9c84a79a0f748ff68bee2f67030b7cb21f2eaae1e2b2db,1287
view/adminhtml/templates/order/invoice/view/form.phtml,c7a1f86b4360898425c5dea694b0e5ce61ef82d911491d56875912d423df3306,4919
view/adminhtml/templates/order/invoice/view/items.phtml,34991c34a84974ba2bb30be9ef9498d4c47e8ed798751f6453b96495d9d6f890,1614
view/adminhtml/templates/order/invoice/view/items/renderer/default.phtml,2b7d25669dd0b4f191102260509fea0d3bea9c0408a0c5818f667cc5a31fcb05,978
view/adminhtml/templates/order/totalbar.phtml,f6db1ef7bb079e415d6ecbf7c7a8a548625d9483c8f86d204f834551d8d01fdc,579
view/adminhtml/templates/order/totals.phtml,5eebaa3f5eac8bf35fc6c0cf8d9001db9697f68b241cf18f3c84c6bc16c83a42,2741
view/adminhtml/templates/order/totals/discount.phtml,a6be5ee6353d9e6b0849d7269ab9ae6f8098582b46f7d7fee09bfecc1a9d6406,711
view/adminhtml/templates/order/totals/due.phtml,4b457735978527ee3a7a1568bdd0b69657a7661f0bbf03cc99b42e77de0e55c0,682
view/adminhtml/templates/order/totals/footer.phtml,9f5a63ece750640c27184742aa7fa18734858f8ba8df0a3ff64eb7a247385087,159
view/adminhtml/templates/order/totals/grand.phtml,8d29e6aa4c655fd5c72bb560553618294c32c3bd3ac757a468d6b29982c97c63,934
view/adminhtml/templates/order/totals/item.phtml,5028e4a2ee1fdd2108c359176c12dac8e67f4d5e367885dcda2a734dc15c2eda,980
view/adminhtml/templates/order/totals/main.phtml,bc30197dcecc72f2fcb0fa26d9f4e1a2db20ee3746a8df035c411771086af39d,159
view/adminhtml/templates/order/totals/paid.phtml,12f74fc9bf71cd8b31d8c55bdef194676ec81411127ecf7836fcb894b290453f,376
view/adminhtml/templates/order/totals/refunded.phtml,6eb2c5f307a1b1b1261176ab59fd75c261532ee2be3cd002891437d6058929d6,383
view/adminhtml/templates/order/totals/shipping.phtml,c14383d5d9b9314f5967fcfe503d5d732fd03c38d894658a69c45c1136f0893e,500
view/adminhtml/templates/order/totals/tax.phtml,7e95f5501a4151648be9e155c367af7249ec9859e17fc4e850763349d09e38b8,4362
view/adminhtml/templates/order/view/form.phtml,1ac2c07b2feea25eeecec7223a95ada54f2a157b49c9faf5375938a7b12c734d,172
view/adminhtml/templates/order/view/giftmessage.phtml,50001d3703258155bb53ecdd2c1b574454011c7913904a45a18b297372c61199,3684
view/adminhtml/templates/order/view/history.phtml,30342a1bea68dc9438d459910430c705fda5b18cacd7ac4d8db1457073be7c64,5396
view/adminhtml/templates/order/view/info.phtml,e673031e5bb3df489603b3b65a58738ba15c243121b55e25bc68dbdb8297e2a8,9868
view/adminhtml/templates/order/view/items.phtml,d7ca72dba5ff167114c05b56397513e553c40c6abcd168c2c16294e58301f19c,1381
view/adminhtml/templates/order/view/items/renderer/default.phtml,ec43b7ccfbbdc4a6503bdcf5044846f1ac751760238603b4dedac5feaa24e2d2,704
view/adminhtml/templates/order/view/tab/history.phtml,4390310e029bf077c5b894f27eff4ccc08522e39ae9a76a3c5e62f32e0e34b62,2512
view/adminhtml/templates/order/view/tab/info.phtml,0d9d8c87ca1e9a36183688eae306e57f83a8193f01e12b24f3039b17c73cf825,4173
view/adminhtml/templates/page/js/components.phtml,02c41835d0b68068a13d97ba47a5e93a3cefdd57cfc7cf905b283c99644be3f8,138
view/adminhtml/templates/rss/order/grid/link.phtml,78c5c2e4225120f9561ce5fb0a796f2a43136b47ca5bb8c6fe1d602bec5bb219,377
view/adminhtml/templates/transactions/detail.phtml,4392824044056a2b91acb4edf1e5b32389a52ad4dd6d8bfa34ddfbb1c62637af,2787
view/adminhtml/ui_component/sales_order_creditmemo_grid.xml,455924a4b103b89683e29c29b0774e2e5d1e4039e63ccb67b22c18420ae72a90,10754
view/adminhtml/ui_component/sales_order_grid.xml,a961f867127354a2bf6113f6a07adc9a2a8de1a62b396653250674530b9a747f,12049
view/adminhtml/ui_component/sales_order_invoice_grid.xml,eb74a424ae048a570fe77529c37f50d2f84eeb4ded4399136114670ff108d2b3,9660
view/adminhtml/ui_component/sales_order_shipment_grid.xml,94b51f04ea88b54979958d5348f2fc23524cb996253fd7bb0bfcc4b8b5965afc,9082
view/adminhtml/ui_component/sales_order_view_creditmemo_grid.xml,4ab869963eb2cc4b20ed8598eb945d054578da11e9ca06fe38424aca8fda8d94,11396
view/adminhtml/ui_component/sales_order_view_invoice_grid.xml,1e0e1e78c70a828f917d58ad6304a4e4a3c02ac86196c2eca1e39996933fcf85,10014
view/adminhtml/ui_component/sales_order_view_shipment_grid.xml,db6240731eb13c07aaf6a1342d4d0ba0b3fb9c1f84f4cd8deaa3552d24e7046b,9404
view/adminhtml/web/js/bootstrap/order-create-index.js,4fe933b43d70d699169c3ba38da33226d2140bcc5b8ef6ce633c83c11e6736f4,159
view/adminhtml/web/js/bootstrap/order-post-action.js,e77fecff6a791f0a449f5ee40215ab96332203a6cc6faa61c637db578da4993b,158
view/adminhtml/web/js/comment.js,56f11c9fe79d08e3b7912e93b8f89e807633c4d41e6a2601d6ba43d54148021d,2391
view/adminhtml/web/js/grid/columns/multiselect.js,ac94518c1c6ffbedd46feef5f75a8925c0e97853234f39332e69d22b9244382b,688
view/adminhtml/web/order/create/form.js,4f7a6a79e89474c5934da50046e1053e4a74bb75d94626a78af85214be4f3e47,704
view/adminhtml/web/order/create/giftmessage.js,efe09b92313322d89627fb61d2140de717fa8475772eb6b15034f27530d5da99,12331
view/adminhtml/web/order/create/scripts.js,466213a63d9c63547b54a1a6d407aad38d3e5164e8d00d38f757e009ff6c0dda,63369
view/adminhtml/web/order/edit/address/form.js,50bfb8cfef44e2544df7f0b5b56fd239d2e902e2006f184e0afbfa06d689d15d,916
view/adminhtml/web/order/edit/message.js,29df8f8ed302e1105bcb9714db651c20a7fd43f1373d8bbb36a49b7411e6e74e,1548
view/adminhtml/web/order/giftoptions_tooltip.js,d623c4978fcbcf12201ed24277ee29259aa7c0425d6157e22301a5018a0d97f1,5700
view/adminhtml/web/order/view/post-wrapper.js,db8a06516e387b3a6c3c47f71701f9b5e94679f5caa1d036116c671b2f6cd270,1508
view/adminhtml/web/templates/order/create/payment/reload.html,97841a96240eb0b91dddb04184e128cc44f680ae8be1fbc15daf80465444b1d6,444
view/adminhtml/web/templates/order/create/shipping/reload.html,cd7511e298a2c691ed2822f305627a22726d5d565e6cb411f2a307fa1ad33637,532
view/base/ui_component/customer_form.xml,b171153c83179398649b32873ad906060af86934c430c7ee9ec671c02f0c391e,652
view/frontend/email/creditmemo_new.html,84d1d9fbe1f96e7b8bbfeaac625e23946ec35d05b5cf32aed7787610a26b1443,4013
view/frontend/email/creditmemo_new_guest.html,f83c93d854d33c5d90349d2243184c44e220b47d596af743c8b2e3617f9471ff,3755
view/frontend/email/creditmemo_update.html,d8d9557ddb9f747b97f2f8ed4ede206c7fb715c39678af59aa5fdf354673e394,2342
view/frontend/email/creditmemo_update_guest.html,c3f45da125d3bc11f469cbc690151d9e3f889bc4d8aa5c585089ad96f3d57430,2071
view/frontend/email/invoice_new.html,00c49b39e57094d638bff2bb1e9256b1c8792c502df22ed12497bce2e5ccb086,3986
view/frontend/email/invoice_new_guest.html,57f3d83db5edc30b4c94f6671edf2612bbe5c958403cc62a92256a4550430162,3684
view/frontend/email/invoice_update.html,35eb85c89ab1786cf2b73e5d1afb0038698626d1bc5e8edd925a7b6b364e2050,2327
view/frontend/email/invoice_update_guest.html,d73cdc636b50577063c5fe69fba167725c4ae8f943c5808c43036431a01159f9,2056
view/frontend/email/order_new.html,64b13bf6df0d8235eb36c99865e7ff3c706643c527ebdd97b53a91218408efae,4364
view/frontend/email/order_new_guest.html,a0d1fc20298b5c41981dc93d2271745058b582f163a52fc27a7aec96c9392fa4,4030
view/frontend/email/order_update.html,613f7bd73f5cbe8a7eccbb75d06b8d773e264f30e1cd8c5c418330f0436e9f58,2282
view/frontend/email/order_update_guest.html,7216d4e124780180a32af8dd0299b056ca4a680d50dca33db54b251831d553ed,2011
view/frontend/email/shipment_new.html,b684355f9cef8783c940f0d3368617c9c3d33bb9a7ac04a653405188fb23cfde,4380
view/frontend/email/shipment_new_guest.html,f9d54ea9ae5005e2b210946f2e081cf06589f6c83f563ff3732afaad06ab9a29,4112
view/frontend/email/shipment_update.html,aa6b3bfaa0ac8a3120018c2fbb03702d99107a014b3c6271d3daee3f1b9908a2,2328
view/frontend/email/shipment_update_guest.html,a9ebef854a9d054cea7dedebda3e7ccc3e44f55e77571e5cc34269cbe8ea7a23,2057
view/frontend/layout/checkout_index_index.xml,359ecacf486382373cc92726dd7574746f824168814845c5dd0aee902c0273ff,383
view/frontend/layout/customer_account.xml,486540e4361ed16ab8bbdd9d44eaac3e9325484893ae8407350f5918a6bd4035,873
view/frontend/layout/customer_account_index.xml,a7b3995b48e49e5684fddc9627205c4e96b4faa7249b6ade2eeb2f6f21a72ce4,534
view/frontend/layout/default.xml,3206c612c389eff3713b0a6557112b5f49405b8f5e6a2ddec82752aa19e7e0af,1215
view/frontend/layout/sales_email_item_price.xml,05e4765cbef0b1627f62bfc33a8c0f54ae6cf8603d8048399b02cddb06d17ae5,531
view/frontend/layout/sales_email_order_creditmemo_items.xml,de0736e7755d91c32cba3aedda12cbe69c4bfed9bb12d743941a1f537980cfea,1371
view/frontend/layout/sales_email_order_creditmemo_renderers.xml,327433a7121ab2915e9051f1272720bd83f5b1336bb47dacbc9df549a8328b93,686
view/frontend/layout/sales_email_order_invoice_items.xml,e9c560bee308bb1eeef84e88c0bd07add6b1dad9491e327ccd95f255fee62fb1,1350
view/frontend/layout/sales_email_order_invoice_renderers.xml,13e6de347e476817838c597370d591e423537a43a88400b158cfb37d1fa2b415,677
view/frontend/layout/sales_email_order_items.xml,0730d7c041006910355347a978e2d941fe1ef0f5605afe19773c3c19bba89dfb,1491
view/frontend/layout/sales_email_order_renderers.xml,1097a4f288f855493c9ab11312af09d22d08e4e2efa9d4b62e7a805738544cb6,665
view/frontend/layout/sales_email_order_shipment_items.xml,f73b5f9476e50f88fe66844859048ad4e7018d6bae37a4455029cff2052f61d2,864
view/frontend/layout/sales_email_order_shipment_renderers.xml,0b2d8b7d6fbd54d26463c27d802986adf1adfdfc0edfa281489ba46b566e8cd9,680
view/frontend/layout/sales_email_order_shipment_track.xml,1f5c6902423d10b977f385caa0838b2def04f064d77081d5de703adbc095d2c4,759
view/frontend/layout/sales_guest_creditmemo.xml,61f10f6820226422803c643108a3a83f1d0b06138ca576d23d63a5cea96f13c5,2711
view/frontend/layout/sales_guest_form.xml,a0037612fcb1b52cba8c34fb5891d0637d1db667ed6219b0e54dddab59d16a27,534
view/frontend/layout/sales_guest_invoice.xml,17f4a5a38106df5c53c31d047a0111f32d57bee50322457406bcddca718493bd,2660
view/frontend/layout/sales_guest_print.xml,9d7d008d32dde74069b1adda118a679696c214ee63a24d2e59e6c94acc868672,2585
view/frontend/layout/sales_guest_printcreditmemo.xml,6dfa9e709885346c6b90e68da1978bae6422555b7b712d48ce114280d0c7cf72,1883
view/frontend/layout/sales_guest_printinvoice.xml,6487346387a38dcde45c91161a5cc5dd2b0355346787c1aaded18f3198f24bf7,1857
view/frontend/layout/sales_guest_printshipment.xml,fde57ab23b31c9b6b7d7d3f82f1d763c66c681c168df5cc27ae5aecf99fe4837,1252
view/frontend/layout/sales_guest_reorder.xml,0dfeaaf657a365b2e2ca0cbc04664ada186e736f2ada75fdbf6f11aca2ef0647,508
view/frontend/layout/sales_guest_shipment.xml,c7cf2ea427acaed1c0c1c1b8d3118800f794efc9dee228fb2079ebec429dd44c,1377
view/frontend/layout/sales_guest_view.xml,9c0dcbcfc472fd979b8b2382aff30d1c2afba346363db6af133eaff3481ccd99,2536
view/frontend/layout/sales_order_creditmemo.xml,6d1ec790cbf116b3520c1f77bc6830c087d5c267bb71490b599e998d87db6c45,2797
view/frontend/layout/sales_order_creditmemo_renderers.xml,a9137951a402856efcd0ac59a3843f7ad7f88dc0a4c57818bae7eaf7158de102,624
view/frontend/layout/sales_order_guest_info_links.xml,63b2f6a1a920a658d3374c5ca3777748eb89af8b28dc42ff7ed5430ffe87d807,2512
view/frontend/layout/sales_order_history.xml,027dbb4efc0d36ae7f0011847704050b35a0a1de8253b7654716d740bc50399c,1336
view/frontend/layout/sales_order_info_links.xml,b85c7267e92cb1154267f23484ffd88efade956735d9b0b685ef55d24ffcc7a7,2508
view/frontend/layout/sales_order_invoice.xml,5b65f2fbc5fa55448eb5b57ee4fdfb9245c645dfaa7aa1dfc75313571383d036,2871
view/frontend/layout/sales_order_invoice_renderers.xml,ce7bab9738cedb43c532c555738a55ff454daab7a9fb0ed9f45e9f9b8ae90074,615
view/frontend/layout/sales_order_item_price.xml,88005813fb9478ccd8eb456433053018b633c5558e6105e9b4265fa184e21025,802
view/frontend/layout/sales_order_item_renderers.xml,5cafd797cc26b185838ef89818b7c4a6e59d43c03a022a70fa7dadf205d7279a,603
view/frontend/layout/sales_order_print.xml,193ee57c9be24b1030c17f20422d91a6c3ac9cfd664a3b1be93ff1564ad60c4d,2935
view/frontend/layout/sales_order_print_creditmemo_renderers.xml,12fac31e53767eff2ca1ddf2e9ede61c86c830fb1fdfbc369b1721c18ae016b3,636
view/frontend/layout/sales_order_print_invoice_renderers.xml,052d77a20e0e6880f67e02324f51f893e9d425a5f09c39da650b2b1c8454fd04,627
view/frontend/layout/sales_order_print_renderers.xml,7804bf4f4e93fe5ee3763526e2b14744f5c2b84cc52957317dfba0ee4c092e08,603
view/frontend/layout/sales_order_print_shipment_renderers.xml,c325b28ae86106db7fcba13a1b9bf6ee134bcafed59c8f5c6349920b0aa77ca7,630
view/frontend/layout/sales_order_printcreditmemo.xml,29254ec92fcbed4494c2055f6e92d436a87883b0f6fccadc0ccd9fbd5787200a,2250
view/frontend/layout/sales_order_printinvoice.xml,3e886884a2b36ef7d86694df3b3efbe8eee90d8e01678cb095fbcc98ef57074b,2563
view/frontend/layout/sales_order_printshipment.xml,87cd37b4246511fc571a53bac61cc84f609692c7e69847a2aae4f46a2c939d25,1600
view/frontend/layout/sales_order_reorder.xml,3a47612f6d05c778bdfd5d620224dd7782af766c455e444bb20ee22a1507efa0,531
view/frontend/layout/sales_order_shipment.xml,1c02019bf657abe23e93d70b5a427dc770929ae543902a3ec3e94a68eaddee4b,1588
view/frontend/layout/sales_order_shipment_renderers.xml,2704566895ecd2783b262403e39f5f4eaf01657a66d0f7e484e39ab03d05af96,618
view/frontend/layout/sales_order_view.xml,4d1acf5dda63e36485bcc5a86cb4f194b52303e33d3bbcca776dbe2fdfefd886,2969
view/frontend/requirejs-config.js,11035cf01d3833a80335412a662e736bc4d65625e5521564ff4c7b2631a9392c,441
view/frontend/templates/email/creditmemo/items.phtml,fdb4b1333391cb8064d4911a123d27a5d527790625218c013fda3fb2af3240c4,1145
view/frontend/templates/email/invoice/items.phtml,6fe680cb2a195eed3f13f6c7094be496ed5c7030c7ac8e5850de24ab7510b3e3,1245
view/frontend/templates/email/items.phtml,98131339392391f1096d59f28d530072572737fd8e6a27ae9739813cbc32297a,2329
view/frontend/templates/email/items/creditmemo/default.phtml,d9227b62d8bd4831cd66d9d4104fa55f07160d287876a8edb222fa1b15735638,1426
view/frontend/templates/email/items/invoice/default.phtml,06c4a84cbd75ee2e2814d4fe0f15bfd74b5e916145cc9c99c6229fa4cb6ed981,1441
view/frontend/templates/email/items/order/default.phtml,1cfef72234caaa8e96272a6cca2760c99e166ae7137e792abf52d4fffe6616e6,2541
view/frontend/templates/email/items/price/row.phtml,aad1dfbc060ced9ceebe4b9beec3bb98c9569e717284514d1917622b91e04799,363
view/frontend/templates/email/items/shipment/default.phtml,cd56f61276f0f4c50cf8a995e5826d0acc93714a175979341eec15516a6f4cff,1341
view/frontend/templates/email/shipment/items.phtml,ad59513b593891814914760ffbca93822d63fca782a4dfe36760e5a0ad0af33b,893
view/frontend/templates/email/shipment/track.phtml,d22f065f63fe118fa2f4101a619f03c111e4e5c9c24bfe67e59ef486e1d09591,1296
view/frontend/templates/guest/form.phtml,0369c369615d72a2497cbc455023f1154d5d82cfa10ca7ba0b3e9e175725ac82,3138
view/frontend/templates/items/price/row.phtml,24c836eceb606132252b95f2dde27b4d8d5e5d2804f869d5328fb649022bec22,451
view/frontend/templates/items/price/total_after_discount.phtml,c6f03c7a9d35097798626edcfbcdcfa801ea208049bf446ed1f2f4f13f01fce1,401
view/frontend/templates/items/price/unit.phtml,c0af8cf526ba2cbad21b6e5d80060d434f28271ea09eb307bf95a1d5b631ada2,448
view/frontend/templates/js/components.phtml,02c41835d0b68068a13d97ba47a5e93a3cefdd57cfc7cf905b283c99644be3f8,138
view/frontend/templates/order/comments.phtml,4285db8837c398ce0e22456adf0c0aa785f0ef9b3cf8e43cc0b2d7b37726d12e,883
view/frontend/templates/order/creditmemo.phtml,59dde75276407def03bcd29d1cdba6ce33c7f5c98e2cec11d4e99e58714e52f4,547
view/frontend/templates/order/creditmemo/items.phtml,3eb4f843903d09d9b7d36a1f25f5bc866b19ac3cc98570180170ab6146cddc71,2465
view/frontend/templates/order/creditmemo/items/renderer/default.phtml,17d28f331ba55a699a67937e0be66b1c6cfa91261e9a226e4ec46c4b23aefe06,3660
view/frontend/templates/order/history.phtml,06851ecb0c04bf777b46f906954d25efdd08b32a03f1dadac9ac45a1191f8190,3676
view/frontend/templates/order/info.phtml,07a64cafc6463f654cf5ab334a8c3fce8cec26f405bda9124a6b7e4e1c98fd59,2150
view/frontend/templates/order/info/buttons.phtml,4b8f271e6c5cae341d619d32d2d7d9165053810d02ec0b98b5f9d711ad9c423d,904
view/frontend/templates/order/info/buttons/rss.phtml,70efaaafaefc1aa029fac3aee76c9be6b46b43ff5e077e9435e468a6fb2e972d,407
view/frontend/templates/order/invoice.phtml,d894aa9deb30e6cc1cd1f18e7ba2f0d26d83c268f27298bb531071ade985b7b4,538
view/frontend/templates/order/invoice/items.phtml,dc1b9600d83d6baad79c04460a02a3c35937c87d813182bab7932434723754f4,2270
view/frontend/templates/order/invoice/items/renderer/default.phtml,9ebe35047532eac1fe73b918441327805a475282032aea75cb29970267a0f0c4,2897
view/frontend/templates/order/items.phtml,130c4df344ea3ffd00a693dd539666c89d9a7f36b7ce3a0ede13423474b560bc,4668
view/frontend/templates/order/items/renderer/default.phtml,dfb26441db2a78da7d7f3682e8457fd7d8f7c26b891cfeaba3186af3200195ff,4490
view/frontend/templates/order/order_comments.phtml,c57457ed1367582f34b5b223b53c3e999b537ba42f6f8c1d501a478efd5cb53e,1038
view/frontend/templates/order/order_date.phtml,a1a8343dddc6dccaf77a311b0326db916f52294d2aa66507fd7394307a82ccb8,389
view/frontend/templates/order/order_status.phtml,baa6af5588e251b1ddba53ec7ded3a36c3a2738a48265a6e4b06c7b0d4834e69,267
view/frontend/templates/order/print/creditmemo.phtml,1580ff5f7b75fd682de64721a2b00bd9025e9fe8d9c1c1cd992bbcc78bf26484,4094
view/frontend/templates/order/print/invoice.phtml,09c7b5369965f671e3d7ff8e8b89d42754f08e8dd68e3e88eeac933969883cae,4142
view/frontend/templates/order/print/shipment.phtml,7c91f0efd6952af2eafae2b615c6cd75db1e3399ebebe582bb6828c21770193d,4739
view/frontend/templates/order/recent.phtml,a1a67908f475268937ce2ac32913e16933549bbc470abc84e7d71085f2992bf9,4177
view/frontend/templates/order/shipment/items/renderer/default.phtml,3aae4ad6829e0ae6a792d6ef0ad9af2ed095e150cab1e2a5197afae4b104f71e,2555
view/frontend/templates/order/totals.phtml,471f21feff58f90be94d52e4812f39e502dcbc662c1a7b8557884155d4d80394,1239
view/frontend/templates/order/view.phtml,54c169416911a92599f1bf1a504784d8ef53f0945ee72ca8dc2cc1217fe3f375,2081
view/frontend/templates/reorder/sidebar.phtml,c6e03e404a415a1f87eb664c674498826aa1312aaaca22af58bab5e4d66c1eab,4221
view/frontend/templates/widget/guest/form.phtml,e00e8900a95831fac5fd2abce7271e24e7b9ba369c92be260b29e88c096db10b,4162
view/frontend/web/js/gift-message.js,67a5dca2d3fca980cf62c483ac16110a8a1213b73c92df9c5ea1eaad1fea6f98,2658
view/frontend/web/js/orders-returns.js,ec6edc7f7bc65a60d1fe60c4b141317f8a7d21ba5030a9e873dec4ef50d47921,1171
view/frontend/web/js/view/last-ordered-items.js,3eb44d44b44e44727caf88ea898e9e61d07556fd56262d19ff62db5e212a9fa6,1184
