path,sha256,size
LICENSE_EE.txt,f459a0a68660ccc9b7809f73f7c6deb22e622603754a18e866496b59db020569,30634
SECURITY.md,2de2728d53cfcf48bf08375c8a4077d46760845375beb808d61e00f4f1b12b25,700
composer.json,011e865e846c498b830e56acba674da909cc9825f958bbe1b0dd3c8c1255417c,1646
dev/tests/api-functional/testsuite/Magento/Company/Service/V1/CompanyHierarchyTest.php,c7319fec881f03d6037e0ed8bcb9f89ed3405cb1ca0c6c3295536bafc10925d0,7683
dev/tests/api-functional/testsuite/Magento/Company/Service/V1/CompanyIdParameterTest.php,a3731e3060d7b37cf9fdc9c62c61fc96df85914063e86b87048e4951a60a80ba,6691
dev/tests/api-functional/testsuite/Magento/Company/Service/V1/CompanyRepositoryTest.php,af65910381bacd86dec127de10b127b6c46017f0f1bd91113a538569cf214739,10217
dev/tests/api-functional/testsuite/Magento/Company/Service/V1/RoleRepositoryTest.php,9a3c6bfa4499409ee4f1401bbad0b3b6bdc65a0bca8df64eb1cbc182dea24b59,11646
dev/tests/api-functional/testsuite/Magento/Company/Service/V1/TeamRepositoryTest.php,6834986a05391e4cd95ddea21cccb4b920d3ded5570e3ae38d1ff5df3487eb4d,12899
dev/tests/api-functional/testsuite/Magento/Company/Service/V1/UserRoleManagementTest.php,0511e97367ea5d208abb430d253e448bae0489b3e306397f78ecdbdd0abc5ac9,5627
dev/tests/api-functional/testsuite/Magento/Company/_files/default_role_permissions.php,81b9feb624190a1a9414edcfb9519b79f421be5169ae4c4a80d7ba8b8e254943,2229
dev/tests/api-functional/testsuite/Magento/Company/_files/role_create_permissions.php,8deda0eba91a2dd34b8c9d950d45ea5f4c527ecc98aa1d04172712dda712bd00,2209
dev/tests/api-functional/testsuite/Magento/Company/_files/role_update_permissions.php,42f68aa638a23d13c848bc8160c5816f282ac9ecb6b35e948706aad4b37cddcc,2730
dev/tests/api-functional/testsuite/Magento/CompanyCredit/Service/V1/CreditBalanceManagementTest.php,0d7eb2e0912ee94aa81a7927ac49ea16e71999ed86a29ccdf65a683d718ea1ec,4422
dev/tests/api-functional/testsuite/Magento/CompanyCredit/Service/V1/CreditHistoryManagementTest.php,50cfb916529851e5036f89bd86719dd78b4de49944bd0107d354882c6d1cea14,7161
dev/tests/api-functional/testsuite/Magento/CompanyCredit/Service/V1/CreditLimitManagementTest.php,6804e18488ed57aa4fb4c0e7809c20af98e7947fce8e3291cc116b97f1ab7a22,3367
dev/tests/api-functional/testsuite/Magento/CompanyCredit/Service/V1/CreditLimitRepositoryTest.php,ff98a946799476cf8acc736d56fd3881d08c0906c3196c082cb438965e21e8d3,7062
dev/tests/api-functional/testsuite/Magento/CompanyCredit/Service/V1/PaymentOnAccountInvoiceTest.php,c11192d594552ca5f92d3fdbbed216c84973e3e143363515186a199d2b0b7e2f,3475
dev/tests/api-functional/testsuite/Magento/CompanyCredit/Service/V1/PaymentOnAccountRefundTest.php,654c227d1d3386aa09158d0c3caac761edceafca75a9ec2fbe9bbba704f695e5,6557
dev/tests/api-functional/testsuite/Magento/GraphQl/BundleRequisitionList/AddBundleProductToRequisitionListTest.php,ca752fad7ac97aa01962eeccfa9b22a6393771e5de10158d74d5dc4692167222,7051
dev/tests/api-functional/testsuite/Magento/GraphQl/Company/CompanyAccountTest.php,68d6c88e401f6df3ab60012f6c6d256f7542223639ef7709142cf2be0b3a7c1f,17474
dev/tests/api-functional/testsuite/Magento/GraphQl/Company/CreateCompanyRoleTest.php,78cb4e69f2a0b41bac1b2ecfed3376a0f145218e8f68c1fbc608dd0f8905ecce,9829
dev/tests/api-functional/testsuite/Magento/GraphQl/Company/CreateCompanyUserTest.php,83d6d6eec2d2a579a5bca5bbb5c680e807a88e972eef592deb7de3d02701959f,19879
dev/tests/api-functional/testsuite/Magento/GraphQl/Company/CreateTeamTest.php,99f07841af75d86fa69fea8f3090fc8eea0472427d2e9b0d8bf213d1eab56550,9650
dev/tests/api-functional/testsuite/Magento/GraphQl/Company/DeleteCompanyRoleTest.php,ee2f176ff71591e897bfe02ceb8342f818f237c3c2e0554b022ad304d61c1466,5338
dev/tests/api-functional/testsuite/Magento/GraphQl/Company/DeleteCompanyUserTest.php,74d5fca55456a83b29943459b210e42079e7d8dbd7f47d39433c3327c5cf52a0,5938
dev/tests/api-functional/testsuite/Magento/GraphQl/Company/DeleteTeamTest.php,c0317bfdc0258d155a3744d0488a904019467d9821c59e8976b77ce384f76915,4142
dev/tests/api-functional/testsuite/Magento/GraphQl/Company/Query/CompanyAdminEmailTest.php,b86f7cac8e76b1d29b8a4ffc1cd7684e648caf7b71a76f50d94e4b4692e7c0c4,3577
dev/tests/api-functional/testsuite/Magento/GraphQl/Company/Query/CompanyEmailTest.php,dfd92708c3c8856793d7e515e4353f44099b897207aec5efa2a4454d6c83a4f1,2074
dev/tests/api-functional/testsuite/Magento/GraphQl/Company/Query/CompanyProfileAccessTest.php,f06953a44945e1f31ebe286ff54e6d5c682938003876b8ab57984f988baa0205,6964
dev/tests/api-functional/testsuite/Magento/GraphQl/Company/Query/CompanyRoleNameTest.php,043e584b88c5c34884966791fab36d7f61bd42c58d06ca6f92828660a291239e,2820
dev/tests/api-functional/testsuite/Magento/GraphQl/Company/Query/CompanyTest.php,ab78187d821ddcabaacce2d9c696fb06a4554fab980843959461ffe93bfdc913,5190
dev/tests/api-functional/testsuite/Magento/GraphQl/Company/Query/CompanyUserEmailTest.php,f4e5eb8c1acbdc197766c7686ba8a0deae767b88cfb5715aa85ac12e19ff4620,2160
dev/tests/api-functional/testsuite/Magento/GraphQl/Company/Query/CompanyUsersAccessTest.php,f4e6925b7dacafb13c7da181c5de1ee485888af9e737787db2895979e3532b48,6469
dev/tests/api-functional/testsuite/Magento/GraphQl/Company/Query/Resolver/CompanyAclResourcesTest.php,78661d0ed9db805778358e0fb497f867ab4c1b382922a64410e8bf5323bad880,7956
dev/tests/api-functional/testsuite/Magento/GraphQl/Company/Query/Resolver/CompanyRoleTest.php,866d6903dc3d570889bb16f359ceeaf431c7abb04e93d57e442edabaaea5d760,4274
dev/tests/api-functional/testsuite/Magento/GraphQl/Company/Query/Resolver/CompanyRolesTest.php,fe5398b0649d241235a5afc5dfe07616b0b025912651b48fd1f7a9823f0867c3,2618
dev/tests/api-functional/testsuite/Magento/GraphQl/Company/Query/Resolver/CompanyStructureTest.php,38440abca3cbe3f955b0f802bd33147735492a80d1c4afe4182617446bbe3856,4425
dev/tests/api-functional/testsuite/Magento/GraphQl/Company/Query/Resolver/CompanyTeamTest.php,dad0a3a1f4454348087aab53f4dabc5f2f0a0575e77f87a0a894883552ca1724,4697
dev/tests/api-functional/testsuite/Magento/GraphQl/Company/Query/Resolver/CompanyUserTest.php,801bbae1c9c38a1c542ff0b4f4f51b2e5ed717d62a2468b9ee8e8400c40a04ee,5518
dev/tests/api-functional/testsuite/Magento/GraphQl/Company/Query/Resolver/CompanyUsersTest.php,1ba7c3ecf8852ed7dcbe3bd43278725a0b930f890f5371b5a24826abc158d47f,6112
dev/tests/api-functional/testsuite/Magento/GraphQl/Company/Query/StructureIdTest.php,566c5db950cd1f0bf157f527a72907ce894841c4300690263ea8bb9f04f059bb,3341
dev/tests/api-functional/testsuite/Magento/GraphQl/Company/StructureAccessTest.php,b480554cb5adb9436d9ca2bb83b992ef5f13bdfb2f23996ddce7d44700def1a6,4782
dev/tests/api-functional/testsuite/Magento/GraphQl/Company/StructureTest.php,accf3dc4caff1d1eec8f0a672b853b4506427891e5390db657a8416673a916f9,14653
dev/tests/api-functional/testsuite/Magento/GraphQl/Company/UpdateCompanyRoleTest.php,dc70c2985d701bb662231ef7791ba43fea2366b00e6093d24f94b210b679c659,15343
dev/tests/api-functional/testsuite/Magento/GraphQl/Company/UpdateCompanyUserTest.php,55b44999c257f5a348aa812c523e16daa8b7156449358cf8fa385603bb065a72,16824
dev/tests/api-functional/testsuite/Magento/GraphQl/Company/UpdateTeamTest.php,337162d375f85c2aa7ff87e0a2e6e2692e6ac8beee74962e07e683fe86da1ce3,9068
dev/tests/api-functional/testsuite/Magento/GraphQl/CompanyCredit/Query/CreditHistoryTest.php,710cd34cffaead6038a58382c72c89ccc2090906c0cdd5cec2bf55448029f0e2,10476
dev/tests/api-functional/testsuite/Magento/GraphQl/CompanyCredit/Query/CreditTest.php,1f269f4e97b4d3ff17f259922f1b83e2aed9dcefce64521d2d28f660047fc752,5444
dev/tests/api-functional/testsuite/Magento/GraphQl/ConfigurableRequisitionList/AddConfigurableProductToRequisitionListTest.php,ad13e6ea4cf63dd7982262f7d181567c299f8baddde45c8265ceff35c6bfaffe,7931
dev/tests/api-functional/testsuite/Magento/GraphQl/DownloadableRequisitionList/AddDownloadableProductToRequisitionListTest.php,40086c5309d265288b1670846f29c864914b3ce04839738a4d23c92d48664f90,7701
dev/tests/api-functional/testsuite/Magento/GraphQl/GiftCardRequisitionList/AddGiftCardToRequisitionListTest.php,9728a06322f6daf351201fdb2801d855cc9ddd915abd34585e0fb1731742678f,20506
dev/tests/api-functional/testsuite/Magento/GraphQl/NegotiableQuote/CartMutationsOnNegotiableQuotesTest.php,382f848ca0c5765f9c79fb8b8b23c6c673a94e40406daf3c984be940265bacef,5759
dev/tests/api-functional/testsuite/Magento/GraphQl/NegotiableQuote/CloseNegotiableQuotesTest.php,705d6d6340981e4c1e71c3240d3176f4515b840942c09bc0c5f326d63f297d71,28757
dev/tests/api-functional/testsuite/Magento/GraphQl/NegotiableQuote/DeleteNegotiableQuotesTest.php,a15e4d7977f25d0326c4ecd23ca5551d5193cbe7bfc326f780cc6d1b5a5b8879,29634
dev/tests/api-functional/testsuite/Magento/GraphQl/NegotiableQuote/Fixtures/CustomerRequestNegotiableQuote.php,59430531ca5fb5cbbb4dd0047c32484e50d5989c7486cb4deca76beebcf7476a,4370
dev/tests/api-functional/testsuite/Magento/GraphQl/NegotiableQuote/GetNegotiableQuoteByFilterTest.php,3e8a0b9929185e61e794511f129a3c9dab04f8bfac1f70f0214e39989dec1ff5,49039
dev/tests/api-functional/testsuite/Magento/GraphQl/NegotiableQuote/GetNegotiableQuoteTest.php,40c77bc6ddc6d52ed21d07a0454405f70d22173748ff7741ce2c7bb78bf4a2f5,35533
dev/tests/api-functional/testsuite/Magento/GraphQl/NegotiableQuote/GetNegotiableQuotesMaskedIdTest.php,eeca8f11f5e437a20af84799ce2fe06ba356990c88b85859bccdf191649b7ecc,5230
dev/tests/api-functional/testsuite/Magento/GraphQl/NegotiableQuote/PlaceNegotiableQuoteOrderTest.php,c1d9a7e78882f7b3810299284f01b14d1f3c96f4ce46c10443d83a4e0d49c5c2,20887
dev/tests/api-functional/testsuite/Magento/GraphQl/NegotiableQuote/RemoveNegotiableQuoteItemsTest.php,efd21e4adeda986481eb2c4707aff615660a87cacb908ef25bb90f8f696df15a,23558
dev/tests/api-functional/testsuite/Magento/GraphQl/NegotiableQuote/RequestNegotiableQuoteTest.php,5c0a6a0bccd701e734a9c6d95d5f3a6b1c57a3fc5df1bc31e32e34bb41987aaf,18448
dev/tests/api-functional/testsuite/Magento/GraphQl/NegotiableQuote/SendNegotiableQuoteForReviewTest.php,95a4200b3a0886f7341ec20a7f0d1d60332c2d8262be4b7c41c598772d8bb7fe,28434
dev/tests/api-functional/testsuite/Magento/GraphQl/NegotiableQuote/SetNegotiableQuoteBillingAddressTest.php,c11939f99a73c92d0162a06dfdd7f161a316a26ad4d82c424a73e16ba54b5a9a,31379
dev/tests/api-functional/testsuite/Magento/GraphQl/NegotiableQuote/SetNegotiableQuotePaymentMethodTest.php,26b5d7f55a1c0f74ac60596b01b7d630a7252bd3bb6c2b2d4c6f9fe5178a474f,21570
dev/tests/api-functional/testsuite/Magento/GraphQl/NegotiableQuote/SetNegotiableQuoteShippingAddressTest.php,cd27ef29e4a24bd07cb90b911ecb9b871db1bf45fac67d514fa4500489528b85,30713
dev/tests/api-functional/testsuite/Magento/GraphQl/NegotiableQuote/SetNegotiableQuoteShippingMethodTest.php,79cf0e5fa6eaf5b0a26b1715a8ecd671ecb9e50d73610b8bf7df330fe2a6fec8,20812
dev/tests/api-functional/testsuite/Magento/GraphQl/NegotiableQuote/StoreConfigTest.php,1de2185bf344b46814c876b3b51cd5ee9df6f46e7afd3532db5c0ff647208e26,1768
dev/tests/api-functional/testsuite/Magento/GraphQl/NegotiableQuote/UpdateNegotiableQuoteQuantityTest.php,3c32ed595d897db87737975f25ded1b984267b9840bc248540e5421cfb73f023,20288
dev/tests/api-functional/testsuite/Magento/GraphQl/PurchaseOrder/AddCommentTest.php,1361f84e78326b7ea7a3ff43eb4cacfd658e970be570a1c6528e32c17aee0e69,6497
dev/tests/api-functional/testsuite/Magento/GraphQl/PurchaseOrder/AddComplexItemsToCartTest.php,3fc22758fd2317a867198af6f619fa59d64601822a88ab9c890b2333c72d1619,6364
dev/tests/api-functional/testsuite/Magento/GraphQl/PurchaseOrder/AddItemsToCartNegativeTest.php,3311dd6bb74878340d7c03341cceadcadeba534cb72e5c3bae22f9140451b506,6812
dev/tests/api-functional/testsuite/Magento/GraphQl/PurchaseOrder/AddItemsToCartReplaceTest.php,6ddb67093c74cd4fd69e1dd1a3318f73c99ea8ecbd30564cf28beec92629d9be,7179
dev/tests/api-functional/testsuite/Magento/GraphQl/PurchaseOrder/AddItemsToCartTest.php,c2d8f1e70fe8272cd2862e419014ecb3e7fdeb9c6a5fe68acc50f32170b1a2d0,7371
dev/tests/api-functional/testsuite/Magento/GraphQl/PurchaseOrder/ApproveTest.php,ec13b87af0a12ebd4414e3c1146bdda5b42a0c3efc816ce7c017e89f2cbb06ea,8977
dev/tests/api-functional/testsuite/Magento/GraphQl/PurchaseOrder/CancelTest.php,536cb5aba6ba32a981b5609ba94fdd8ab826b4de591f930ea4f9518c8e7458a3,12635
dev/tests/api-functional/testsuite/Magento/GraphQl/PurchaseOrder/Customer/IsEnabledTest.php,7b55f10861872738ee511a8ee417ef37b72614445b0f9174c40bc803837ed979,4537
dev/tests/api-functional/testsuite/Magento/GraphQl/PurchaseOrder/PlaceOrderDeferredPaymentTest.php,b0f1ef1a5c2d08d3f51fd56c23a5550daa70e3ef5e20ccc7f033ff0ef98422a2,8046
dev/tests/api-functional/testsuite/Magento/GraphQl/PurchaseOrder/PlaceOrderTest.php,181983834b5dc6c04249c7ddca1ed543c1df6a4647d3ad602e0c798310fd8bf6,9026
dev/tests/api-functional/testsuite/Magento/GraphQl/PurchaseOrder/PlacePurchaseOrderTest.php,16ffe8e2b68d2537b3337bf5da4311430e6ef75c06bfc09a76893908c25301ab,5685
dev/tests/api-functional/testsuite/Magento/GraphQl/PurchaseOrder/PlacedPurchaseOrderTest.php,1fbc6e5972fd5eeae9a33e16cbe13795f86e0f2b9ea53a650999166ef227dcbc,5224
dev/tests/api-functional/testsuite/Magento/GraphQl/PurchaseOrder/PurchaseOrderTest.php,b2869b2fba67a2cbbf0e7511fdf4a5747836795cae7d84b1921585f30e4bea37,8688
dev/tests/api-functional/testsuite/Magento/GraphQl/PurchaseOrder/PurchaseOrdersTest.php,f6003ed90c48875ad9990c3bdb1ca8cdc8a87597bd302cdb616ebbcbbae1373a,13924
dev/tests/api-functional/testsuite/Magento/GraphQl/PurchaseOrder/RejectTest.php,d791f6177e2e09773f329f86ec6081faeb69b223a476949e88ff328348d4ce1b,9047
dev/tests/api-functional/testsuite/Magento/GraphQl/PurchaseOrder/SetPaymentAndPlacePurchaseOrderTest.php,7743f7baee4ffc1223914da35012b01adc98bfe52598af16068182b9dfcb80a9,6111
dev/tests/api-functional/testsuite/Magento/GraphQl/PurchaseOrderRule/ApprovalFlowTest.php,f090014e106106ca17f1bdafb0824eb751c2156bf4c9eca4563f76f839104166,6919
dev/tests/api-functional/testsuite/Magento/GraphQl/PurchaseOrderRule/CreateRuleTest.php,567e5e282499ae1f90dafa184b2c6f32f8290c9f325a694939b185569d73c2fe,15410
dev/tests/api-functional/testsuite/Magento/GraphQl/PurchaseOrderRule/DeleteRuleTest.php,685578807fea5187e6532e7355b62741c49d371b99d309e42c362529ea431c0d,10330
dev/tests/api-functional/testsuite/Magento/GraphQl/PurchaseOrderRule/MetadataTest.php,874598d9e12bb2770d46f9ec7af1994eca9dce749b2d566b45da32ac2e682274,5499
dev/tests/api-functional/testsuite/Magento/GraphQl/PurchaseOrderRule/RuleTest.php,9064737773877ef9a358e30dd8d77a83dab35c2effe008b2ceeb4f32a7f8d0a1,5574
dev/tests/api-functional/testsuite/Magento/GraphQl/PurchaseOrderRule/RulesTest.php,2e5b61230404dfb6bd7187b2c2ff0c067e60ed6cb5ecca65136154363c13e4e7,5241
dev/tests/api-functional/testsuite/Magento/GraphQl/PurchaseOrderRule/ScenarioTest.php,6d9b7647bb7dcaca0b252977e57992ba8a33220aa13a85747aad7279f5cc2626,9862
dev/tests/api-functional/testsuite/Magento/GraphQl/PurchaseOrderRule/UpdateRuleTest.php,95fe29040ddd319067dee8cc3b9ea330872c2772e51ef3dbf432db1939563301,11004
dev/tests/api-functional/testsuite/Magento/GraphQl/PurchaseOrderRule/ValidateTest.php,81c284cb89b24cfbd1d3c7486c810911b6ec1018349cc315865252100f85f0af,8598
dev/tests/api-functional/testsuite/Magento/GraphQl/PurchaseOrderRule/ValidateWhenRulesApplyTest.php,1ef6830935bf5b486cd32efe0e1cf46934616112bd43d2ae6e268505478f99d8,5785
dev/tests/api-functional/testsuite/Magento/GraphQl/RequisitionList/AddRequisitionListItemsToCartTest.php,4f37ca0982e38d39bfabaedeab277ec1b81a8ccd4cfa8675cfceddcd67ae2d78,7278
dev/tests/api-functional/testsuite/Magento/GraphQl/RequisitionList/AddSimpleProductToRequisitionListTest.php,a06daf8ab7dff553c0f658bc045ba85fb2034beec7b2cdb5633b5b4192226c42,4935
dev/tests/api-functional/testsuite/Magento/GraphQl/RequisitionList/ClearCustomerCartTest.php,fa2879b4b7e9bbb0d8ce4d0be6c4bd3a39ad972aa46ee7e3b70c2eaa157c8c4a,5107
dev/tests/api-functional/testsuite/Magento/GraphQl/RequisitionList/CopyItemsBetweenRequisitionListsTest.php,8286b82bd75fa7624434961f3a4fff6b5b1d8f768a1157fbba107c013a54a5ec,13121
dev/tests/api-functional/testsuite/Magento/GraphQl/RequisitionList/CreateRequisitionListTest.php,ce0a2f10690e3fae4809697784b6d9027dba80333d31c0e82d13126b38b21ae2,5726
dev/tests/api-functional/testsuite/Magento/GraphQl/RequisitionList/CustomerRequisitionListsTest.php,b5ec6c5d82b5bcdfb4a059b20ef6f1a7a2eba2b7bc49aa2100532c6efa081c26,4556
dev/tests/api-functional/testsuite/Magento/GraphQl/RequisitionList/DeleteRequisitionListItemsTest.php,0ae4987310e05a72b4512ccccc7be695b7f912835bde9639aeada060ce78c261,8814
dev/tests/api-functional/testsuite/Magento/GraphQl/RequisitionList/DeleteRequisitionListTest.php,cc220c60662523097090cceab53ca3f7607e778c82a3e61f6c2b5651351713b4,6685
dev/tests/api-functional/testsuite/Magento/GraphQl/RequisitionList/GetCustomOptionsWithUidForQueryBySku.php,9ecedacb81292c39977f70d84cff9794c979d52436ae54b33baa3e1800313a6a,2945
dev/tests/api-functional/testsuite/Magento/GraphQl/RequisitionList/GetRequisitionList.php,427559e58e174452a6d2aafe25a38495349cb7a6a9679b5d6e852fb278a8d965,2081
dev/tests/api-functional/testsuite/Magento/GraphQl/RequisitionList/GetRequisitionListItemId.php,419fd4ab2d0a3d02b03246f3498a923c745d12fe35a0ee441347aec361e5f645,1740
dev/tests/api-functional/testsuite/Magento/GraphQl/RequisitionList/MoveItemsBetweenRequisitionListTest.php,7f9b91d21c5d5906ce3de1937bcb519bd5012a84de0ae3813e5b610fd1a77167,13300
dev/tests/api-functional/testsuite/Magento/GraphQl/RequisitionList/RequisitionListPaginationTest.php,4345b321ca33f85c0251312848c6a543de99a13c5b7457dfc3800bfe5796e3a3,6201
dev/tests/api-functional/testsuite/Magento/GraphQl/RequisitionList/UpdateRequisitionListItemsTest.php,c2985b530709d7095a4d4288c8165c2202c9871cf71db14390f4dc03c3b0630a,5232
dev/tests/api-functional/testsuite/Magento/GraphQl/RequisitionList/UpdateRequisitionListTest.php,9cd923ae11561a9640a7a7865c37c35d8bda3c6c94d808509a2ee3d45e31b104,8480
dev/tests/api-functional/testsuite/Magento/GraphQl/SharedCatalog/AddProductToCartTest.php,4c4658d292deeeae164ac9e89e48f4eff117cc78128197161f8ab275296a8bec,13531
dev/tests/api-functional/testsuite/Magento/GraphQl/SharedCatalog/CategoriesQueryTest.php,9a32e0a033a828cacf1a75ec57cdc687b0cc81a7163caadb45abb2b1883e4ff5,3476
dev/tests/api-functional/testsuite/Magento/GraphQl/SharedCatalog/CategoryListTest.php,753b8f7298e7963b5c987376edbbd9e3cb3a5223c6e11975fbe9abe8749a7551,2738
dev/tests/api-functional/testsuite/Magento/GraphQl/SharedCatalog/Grouped/AddProductToCartTest.php,00fac6991e8952bc9040cf84f57ce6df4506663ab931e5ebdae7e8787561267a,13964
dev/tests/api-functional/testsuite/Magento/GraphQl/SharedCatalog/ProductsSearchTest.php,c15d68f8997f9629f82fedab15db8495248cd571f7198af5c186da154f720b3f,9764
dev/tests/api-functional/testsuite/Magento/GraphQl/SharedCatalog/SharedCatalogPermissionsTest.php,69c00174c37bfce8017464f6317faad87fed7b6349dea1ab9a48479d6884781a,4535
dev/tests/api-functional/testsuite/Magento/NegotiableQuote/Service/V1/AttachmentContentManagementTest.php,45602f25af14134d4d838ffc4b48f6fe0f8dfc80843f3e93ee4d3b0456563693,9285
dev/tests/api-functional/testsuite/Magento/NegotiableQuote/Service/V1/CartItemRepositoryTest.php,4d74f96cea658812b4ca7b21700b2b50f7af582097c84d27d821744ccd094272,9835
dev/tests/api-functional/testsuite/Magento/NegotiableQuote/Service/V1/CommentManagementTest.php,7151e5073db1a76d817b9194f4aadc3ad7f5f817224557b3ed0b5c5164e215d8,6215
dev/tests/api-functional/testsuite/Magento/NegotiableQuote/Service/V1/NegotiableQuoteManagementTest.php,78fa8c2320168451926c56bb9c665da26f18ef25c72a95c65d8839c505f52c99,9039
dev/tests/api-functional/testsuite/Magento/NegotiableQuote/Service/V1/NegotiableQuotePriceManagementTest.php,08d5d16bc7275dcfc13865f0501a4abce358ce78c73587826d3b5a1489f0a376,7208
dev/tests/api-functional/testsuite/Magento/NegotiableQuote/Service/V1/NegotiableQuoteShippingManagementTest.php,34b1382c5decebdb6911031a3c0a764f3600cf28ffa8b523fc1982eab64bcc8c,7537
dev/tests/api-functional/testsuite/Magento/NegotiableQuote/Service/V1/QuoteRepositoryTest.php,280d694d5e325f205d9019dc8e4492f354316cdc14afa1021a8b20cf058c72ec,14928
dev/tests/api-functional/testsuite/Magento/NegotiableQuote/Service/V1/QuoteTotalsTest.php,dcad3daa75a4c35ab1851eb5f1e12afd3f636ba13fe44e53fe16fa4ec17e5377,3720
dev/tests/api-functional/testsuite/Magento/PurchaseOrder/Service/V1/PurchaseOrderCompanyRepositoryTest.php,24f596ea6bea794f34bd1c0540b10dd03ce0b2476afe1b42abd724e21e9a679f,3158
dev/tests/api-functional/testsuite/Magento/PurchaseOrder/Service/V1/PurchaseOrderPaymentDetailsTest.php,75929df88668f4945e139022e6f0f5c05cf8bb2d0bfc70388ef9b9589bb2668c,8496
dev/tests/api-functional/testsuite/Magento/PurchaseOrder/Service/V1/PurchaseOrderPaymentInformationManagementTest.php,5bd3d84444b310ba263fbe32accd2434c7429cdf93919cc0483759bb9acf7ef0,42385
dev/tests/api-functional/testsuite/Magento/RequisitionList/Service/V1/RequisitionListRepositorySaveTest.php,3783d9c67d917dfbcd2515f78be4055c3938c5c555da2d7b5bab8f2667eebb35,8026
dev/tests/api-functional/testsuite/Magento/SharedCatalog/Service/V1/AbstractSharedCatalogTest.php,e709ba8d83c28e334c4e6433397d5276a2c44644ea6c291ff26ed137adb6f095,3042
dev/tests/api-functional/testsuite/Magento/SharedCatalog/Service/V1/CategoryManagementTest.php,a736b2636f1fd0d89951b4ef9010ace09838984459d5df46287b212058485dbc,8384
dev/tests/api-functional/testsuite/Magento/SharedCatalog/Service/V1/ChangeTaxClassTest.php,021a4089f78e49a0f5e8a6f9743361068bee13295dc5f7f84c1795222ad237ee,3882
dev/tests/api-functional/testsuite/Magento/SharedCatalog/Service/V1/CompanyManagementTest.php,985c89300615783317bd134d66848f317da315bf10b1e86b765521e2d711a37a,8286
dev/tests/api-functional/testsuite/Magento/SharedCatalog/Service/V1/CreateSharedCatalogTest.php,d719cbb482447266d93ead00d4b19e6a9a7278d78e3a0bd22ad15b5a60970b9a,4350
dev/tests/api-functional/testsuite/Magento/SharedCatalog/Service/V1/DeleteSharedCatalogTest.php,49a4575f205e67781ccc09231dbb61c89477e5e97aedd7281e1e1e1402f849e9,1722
dev/tests/api-functional/testsuite/Magento/SharedCatalog/Service/V1/GetListSharedCatalogTest.php,774d318ddbf9c533a10459bddd1a8453bcb069a6301da9b1e24310b86ec1c176,2263
dev/tests/api-functional/testsuite/Magento/SharedCatalog/Service/V1/GetListSharedCatalogWithRestrictedUserTest.php,b1a618c0b7ab47588cf19ce9ac2981cd7592a68586597d706c2d24b6826c7854,3908
dev/tests/api-functional/testsuite/Magento/SharedCatalog/Service/V1/GetSharedCatalogTest.php,f359802d7ca84dccd29e0c0ab351570f75ce8ce73457fc152f3d1c4e1cec42fc,1461
dev/tests/api-functional/testsuite/Magento/SharedCatalog/Service/V1/ProductManagementTest.php,60e26e4b5044134da9e1d540851d4f355759f341319dfe3ed115ad27e4629c48,11125
dev/tests/api-functional/testsuite/Magento/SharedCatalog/Service/V1/UpdateSharedCatalogTest.php,daeb522cd752f5608331e9ae2eba44c38bcd451b0dbe7c82e7c26845057aa8cb,3760
dev/tests/integration/etc/di/preferences/b2b.php,c5dd76dede6482c385364476fcd6fabb197c841bda59b627721c4e9f406b154e,246
dev/tests/integration/framework/Magento/TestFramework/B2b/Version/View.php,3862aaf17f6458aa267e1e71dcb1f28e4981fcee5352f89e929bb3ed6f475182,423
dev/tests/integration/testsuite/Magento/Company/Api/CompanyRepositoryInterfaceTest.php,4e5a756685ce97b77f8bbe12992be20fdef3b68780965a9d5e2abc0826a0d86f,3519
dev/tests/integration/testsuite/Magento/Company/Api/CompanyUserManagerInterfaceTest.php,c2e41eafa60ee4199b82e21e9a3e8095f85f403df1ace3b8a126b095c21aef5e,5461
dev/tests/integration/testsuite/Magento/Company/Api/TeamRepositoryInterfaceTest.php,90462a39963d46684bce59bbe8a20264ce001a82a17d81be8530a5ba751eaad8,3960
dev/tests/integration/testsuite/Magento/Company/AttributeReservationTest.php,31b6b3b66b21aaa5eab085e286e0836b799d9dbe6776a28bc2d4ca3169e7520a,2186
dev/tests/integration/testsuite/Magento/Company/Controller/Account/CreatePostTest.php,631f7d459b1668b2ab07c2dc728bcd4960671ebf87b389a526017962ff7b7cda,5986
dev/tests/integration/testsuite/Magento/Company/Controller/Account/CreateTest.php,0977aa6eb4052d636ffa15ef0d19023834c647ad901f2cbcece56045f7482fda,2428
dev/tests/integration/testsuite/Magento/Company/Controller/Adminhtml/Export/GridToCsvTest.php,549e77e0fc29564d7a239191b884dd55f0d228415ea3b4569bba354db528ba28,11295
dev/tests/integration/testsuite/Magento/Company/Controller/Adminhtml/Export/GridToXmlTest.php,cc6ef7824c8e6721a9da89a9022ecd72cf48bd7fa6d368a562c9d0473298f9fd,11532
dev/tests/integration/testsuite/Magento/Company/Controller/Adminhtml/Index/AddUserTest.php,70e5238187c4002a661f75d3bc8ee4f2a54ac1e19ac646136d2730a5a75bcf9e,1773
dev/tests/integration/testsuite/Magento/Company/Controller/Adminhtml/Index/DeleteTest.php,47a4ec0ee2dfbcfe2fad52da42c31150c248d642ab3314902cf05da893460a07,1638
dev/tests/integration/testsuite/Magento/Company/Controller/Adminhtml/Index/EditTest.php,a2966bceaf8fc2d78d5d2ba7e5fed07e4d626b274bb8462da0ecda1d92fb4c42,7097
dev/tests/integration/testsuite/Magento/Company/Controller/Adminhtml/Index/IndexTest.php,3268f3bf7a82c163a87dbaeec332270c263627cc29bd941a3cd9baff99b12dbc,4240
dev/tests/integration/testsuite/Magento/Company/Controller/Adminhtml/Index/InlineEditTest.php,3f772a8e985298b27e2bd92638a187168d6621639c7c3ce83cecc4370ce68063,1754
dev/tests/integration/testsuite/Magento/Company/Controller/Adminhtml/Index/MassBlockTest.php,3ce2f87cb25ea0686e954325f766308ed4d813e824712ccc70b0cfb2ed152307,1801
dev/tests/integration/testsuite/Magento/Company/Controller/Adminhtml/Index/MassDeleteTest.php,ae4580839f57293ff13d5cdc47a389fc478c7658f9bc41309f5ed2baf401cfac,1762
dev/tests/integration/testsuite/Magento/Company/Controller/Adminhtml/Index/MassEnableTest.php,d4e509efc151ca756034e9f0480ca86df1839ae3bdf488a8bcdfa78300f6436a,1808
dev/tests/integration/testsuite/Magento/Company/Controller/Adminhtml/Index/NewActionTest.php,f322ddc2c881b431a62dc8aa996024a72a728a17a25fb5b3be8b651701da2e1d,1679
dev/tests/integration/testsuite/Magento/Company/Controller/Adminhtml/Index/SaveTest.php,faa4269b36b24e3e3c2b0d818261acff4659b7dfa22e2a237f4f2e4346862019,11343
dev/tests/integration/testsuite/Magento/Company/Controller/Adminhtml/System/ConfigTest.php,3a03b05543aaf24facfe45500c5addc9cba1253dc3e54a367776cd1d1e64d5c5,3763
dev/tests/integration/testsuite/Magento/Company/Controller/Customer/CreateTest.php,749751a1d6e9c024e1d4c79163ad6f0ec8c3018608cd05a7ed441a66c247e0b8,9868
dev/tests/integration/testsuite/Magento/Company/Controller/Customer/DeleteTest.php,aec786bb7eaee7760dbfbbc78afa5b76d43e1cd22df3541d5108290611355255,3414
dev/tests/integration/testsuite/Magento/Company/Controller/Customer/UpdateTest.php,5f07863eb915ed95bf8d9634e842099b74e87b47776f21b3ecf48fb98b2079a4,6182
dev/tests/integration/testsuite/Magento/Company/CustomerGridCollectionTest.php,9d26335343d760595740046189827b54ad13480df43ea0711308247726a648a4,12085
dev/tests/integration/testsuite/Magento/Company/EavSetupTest.php,bd6322740d88d06e7039c5bb818bd4acbba5c36199355d7a6089863ae717b3ff,1904
dev/tests/integration/testsuite/Magento/Company/LoggingTest.php,c7815d01a673b8b159dc11321e7961a51a129a84c1af2345a3201bc77cc7da0b,12149
dev/tests/integration/testsuite/Magento/Company/Model/Email/SenderTest.php,944d96475a6d843384afb9c642b89e9b654373e3ab85cd99508eee43db957924,1825
dev/tests/integration/testsuite/Magento/Company/Model/StructureRepositoryTest.php,50b1050b75aeef8b76f53ac0b663ea55403cd375173b7352198220b126b15b74,3622
dev/tests/integration/testsuite/Magento/Company/Plugin/Customer/Model/EmailNotificationPluginTest.php,72e3983bd9fb1835a71db5476d79c4d69e2e45adf3ae7f35eea3abf1c5e3bee3,5314
dev/tests/integration/testsuite/Magento/Company/Plugin/Sales/Model/ResourceModel/Order/Grid/CollectionPluginTest.php,776ef04f42b33e0d0975f1235a7e65ec532feaaacd7bdf6fa1dd856a9f1b2fab,1522
dev/tests/integration/testsuite/Magento/Company/_files/companies_for_search.php,cd039e872ee23761f629b0ce7a109078601001176d8bbb82743c337a99cd9209,1290
dev/tests/integration/testsuite/Magento/Company/_files/companies_for_search_with_all_fields_filled.php,4e65bc69d115a2721d76bc6ac2f47663525ee31848c4cc296dba2caaedb4d02e,3286
dev/tests/integration/testsuite/Magento/Company/_files/companies_for_search_with_all_fields_filled_rollback.php,a3580eb1d23d19db9e719182a7b86ab43361c153920148661c1e128860a9565e,263
dev/tests/integration/testsuite/Magento/Company/_files/companies_with_credit.php,a9d6683f1662cccddb6509c5acbc30c29890fe9d192ba03f881840750a60af4f,10225
dev/tests/integration/testsuite/Magento/Company/_files/companies_with_credit_rollback.php,84cf2812b846c021c4de73caf37903fdaab30ff592127864a7c7c2f5277f8bed,3699
dev/tests/integration/testsuite/Magento/Company/_files/companies_with_different_sales_representatives.php,97300585e922a3137e14b8d71031cac1ec0b7a00e07a2df6a9ba687a0462af08,3569
dev/tests/integration/testsuite/Magento/Company/_files/companies_with_different_sales_representatives_rollback.php,e1ba1b73ec63dd2f63a37997667a191c73cc5e62824608680f6ab5a4892ba0ec,632
dev/tests/integration/testsuite/Magento/Company/_files/company.php,538bc9abd64515634259c616a2071234288bd33e40624ec346c828894b48c8d7,1921
dev/tests/integration/testsuite/Magento/Company/_files/company_order.php,3c79fe81dbcc486eb471359e846b4722b90b91051fc18cf6a8e3a19b666b2b40,1024
dev/tests/integration/testsuite/Magento/Company/_files/company_order_rollback.php,7126e9aebff17af7f0730d2a6c7e773f8e2e764cd28c0d8f7c54e6afdb35beee,409
dev/tests/integration/testsuite/Magento/Company/_files/company_rollback.php,e4b9587e6c387e0b7d8a6978d16ca6798aeea254a2b3f17429175245b2834d90,1161
dev/tests/integration/testsuite/Magento/Company/_files/company_with_admin.php,42043af19ee635e8e3ba13330ecf33d9424fa910e79b76ce6f579a41483a290e,2595
dev/tests/integration/testsuite/Magento/Company/_files/company_with_admin_rollback.php,a6c0827d56ae7933436b85a406585b5280a71827bf1e906a3fa31404fd081da8,1811
dev/tests/integration/testsuite/Magento/Company/_files/company_with_custom_role.php,55b8808de4d6eeb931c2268f9afd2a9762260344d4b0e88cc660fab18857f988,2941
dev/tests/integration/testsuite/Magento/Company/_files/company_with_custom_role_rollback.php,18933811c1e99f204fb804f651a5ad91d69ef31de6c4e7bf843e33a015a083ae,1699
dev/tests/integration/testsuite/Magento/Company/_files/company_with_roles.php,01fa38e4c63d5ce150fc6efc7e1985d6f7f986e8376c806d8b8b9bd0370c13e1,5913
dev/tests/integration/testsuite/Magento/Company/_files/company_with_roles_rollback.php,dfa400b279518a6e9b6b97801ed5d9dfb12d17ec3696bf3ca7a7f9b5d777893c,2220
dev/tests/integration/testsuite/Magento/Company/_files/company_with_structure.php,67108faf0afe302ca7b1f4adaef1ada1a165b6071377d99af3feb9eaa776c8b6,9174
dev/tests/integration/testsuite/Magento/Company/_files/company_with_structure_and_role.php,2f0d433c78a3914480e9586ec3d23439584fb79a19fea93d77b7ca5937b64333,8894
dev/tests/integration/testsuite/Magento/Company/_files/company_with_structure_and_role_rollback.php,1cbbf5ce4ed76c58946dcf9c1d5fef59721a0dce6c0715d4a15571cf131eafc3,2410
dev/tests/integration/testsuite/Magento/Company/_files/company_with_structure_rollback.php,085a7ad3d8f406ee94317c5069ed67f12f73591bcc4e3d3fb82ddc30cc0404e9,4339
dev/tests/integration/testsuite/Magento/Company/_files/company_with_teams.php,b446db2bc71d5861a9c827f07f05b223039187d82f51db419506f675d7aca3db,6678
dev/tests/integration/testsuite/Magento/Company/_files/company_with_teams_rollback.php,5772c1ef275da9dc67e4a205e57294b78468c35167293c24ca70a198419a7fff,2149
dev/tests/integration/testsuite/Magento/Company/_files/customer.php,5f54f7aadee9aa72a5e297584041f123b78b4ef8ae7afce3f9ed06f289b07a7a,527
dev/tests/integration/testsuite/Magento/Company/_files/email_logo.php,df0bd11059f60124fb14cd5356fe25dabe974fe032b1f64a3affa5ccce742004,1113
dev/tests/integration/testsuite/Magento/Company/_files/email_logo_rollback.php,f13791d7aababcc8c505f881b1d9ee09692b342c584972d94438b0e761e5959f,720
dev/tests/integration/testsuite/Magento/Company/_files/magento_logo.jpg,b7ab97dc36bce603a435c012f2fcdf0a2baef3dbe95f165bb153e331ce104f07,13353
dev/tests/integration/testsuite/Magento/Company/_files/roles_edit_denied.php,d66664a03420ff79c4109edbefa3501eaaaf864a866d72ed5f05142c1803a185,1677
dev/tests/integration/testsuite/Magento/Company/_files/structure_for_search.php,15623f5977de5107bc344c09f5ba4cccc1da4bfcc1951d40ca033246a3450227,1082
dev/tests/integration/testsuite/Magento/Company/_files/teams_for_search.php,e9cec1451f81f40914036c10613e9e9c80981acfa557fd03a546db6976109f7c,837
dev/tests/integration/testsuite/Magento/CompanyCredit/AdminActionsLoggingTest.php,20281b6dbe27327ea66d5ae3a67f060f3dd08c3af872411e8e77bacbaa201e95,10352
dev/tests/integration/testsuite/Magento/CompanyCredit/Controller/Adminhtml/Index/ReimburseTest.php,063481a73f3e8de330e986a82e57ba2cf60fa85fa9951df0d7d3fb4289b1ebbe,701
dev/tests/integration/testsuite/Magento/CompanyCredit/CreateOrderWithPaymentOnAccountTest.php,988525464e91742d6d2a59b5c7827d6c7c7cfbec2defe093d31e51b45f4a450f,34889
dev/tests/integration/testsuite/Magento/CompanyCredit/CurrencyAvailabilityForCompanyCreditTest.php,db44ccc24f7d3555f668a178a2486fbeb441c348dbd085ea582468130518bdb3,13482
dev/tests/integration/testsuite/Magento/CompanyCredit/EmailNotificationsTest.php,b6d09f11baccca24661c5c6ff3ae01575d98d025117b65c98bf7dae3914c8806,17545
dev/tests/integration/testsuite/Magento/CompanyCredit/_files/companies_with_credit_limit.php,6b0808d4433f0cab003f99cdcb4359800fa674f7cfcbf91c692000b11f3878db,3917
dev/tests/integration/testsuite/Magento/CompanyCredit/_files/companies_with_credit_limit_rollback.php,ae16813e4024bbc29f8b47fd46260a32e4ce43fcc0bf82ce33fa0e3b4a7a6443,992
dev/tests/integration/testsuite/Magento/CompanyCredit/_files/company_rollback.php,3042ee133d2824ff09b3333462b0674a4cfa48e6b65a339a841cd51c72ca64ca,702
dev/tests/integration/testsuite/Magento/CompanyCredit/_files/company_with_credit_limit.php,817823118c40e21df4b2ac134902ad0dedb72e3f266007b282de019162c1d265,2584
dev/tests/integration/testsuite/Magento/CompanyCredit/_files/company_with_credit_limit_rollback.php,5fbf636986b3e84cb89166f715f17376d4e98d7914d53bf15afca7e996ca810b,958
dev/tests/integration/testsuite/Magento/CompanyCredit/_files/company_with_quote_and_credit_limit.php,2c0574310a1b79ce9039507d505ee042208ef23c269fe5b7853cf7855947369f,3685
dev/tests/integration/testsuite/Magento/CompanyCredit/_files/company_with_quote_and_credit_limit_rollback.php,4a858c46857cba267cfb969820681e8d0498ff85993db3d86e2af100b4fe1bf9,287
dev/tests/integration/testsuite/Magento/CompanyCredit/_files/order_new_paid_with_companycredit.php,799e1ffbdf68dbe82bf64832977b2856dbb753bd153f426d0c3708d0c3f4866d,1328
dev/tests/integration/testsuite/Magento/CompanyCredit/_files/order_new_paid_with_companycredit_rollback.php,45635dc61161d1a02d8248c77b39c19676c549c76374f8b0168b827466df717b,374
dev/tests/integration/testsuite/Magento/CompanyCredit/_files/order_paid_with_companycredit.php,5c379f6fcd1745a49711974774c6d94d993f5bf0c63109c81179a491be7969d6,1905
dev/tests/integration/testsuite/Magento/CompanyCredit/_files/order_paid_with_companycredit_rollback.php,45635dc61161d1a02d8248c77b39c19676c549c76374f8b0168b827466df717b,374
dev/tests/integration/testsuite/Magento/CompanyCredit/_files/quote_with_non_company_customer.php,3e3f95700206c6cd87e01ca5c55ed8e1bc69627198eb67df91d8621ba4698559,2211
dev/tests/integration/testsuite/Magento/CompanyCredit/_files/quote_with_non_company_customer_rollback.php,4a858c46857cba267cfb969820681e8d0498ff85993db3d86e2af100b4fe1bf9,287
dev/tests/integration/testsuite/Magento/CompanyPayment/Block/Company/Profile/PaymentMethodTest.php,cf889e63440c3f4015bef143a3115485f7c23d0af9fca6aadcf5b814852106b6,4399
dev/tests/integration/testsuite/Magento/CompanyPayment/Controller/Adminhtml/Order/AbstractCreateTest.php,76c578faef91bfae283c2fcb5c8af678906f52b16cd610c1057e7ae2c12fe6e3,11871
dev/tests/integration/testsuite/Magento/CompanyPayment/Controller/Adminhtml/Order/CreateWithAllEnabledPaymentMethodsB2BAllPaymentMethodsTest.php,71e3465190fedf2986a5a0db3a7e2c5b9ee623d17bec39f057d5afa42d1dc036,2079
dev/tests/integration/testsuite/Magento/CompanyPayment/Controller/Adminhtml/Order/CreateWithAllEnabledPaymentMethodsB2BSelectedPaymentMethodsTest.php,14bbf3dd04a34aa06052e5c0cff5e5419076feb0a108653039f93df30225bd78,2182
dev/tests/integration/testsuite/Magento/CompanyPayment/Controller/Adminhtml/Order/CreateWithB2BAllPaymentMethodsConfigDisabledWebsiteScopeTest.php,e1fe260a41623e6e92b973acea811f76927771d91fb0697791db59c81e0873c0,2322
dev/tests/integration/testsuite/Magento/CompanyPayment/Controller/Adminhtml/Order/CreateWithB2BAllPaymentMethodsConfigEnabledWebsiteScopeTest.php,81e3c17106505d4ea3b5c20e60b21e86a55c35a8816291db91c0cdbace65ee0a,2321
dev/tests/integration/testsuite/Magento/CompanyPayment/Controller/Adminhtml/Order/CreateWithB2BAllPaymentMethodsConfigUsaCountryNotAllowedTest.php,15ef771938d9899fef49a00c5780dc4cd18874a9327e9d9929251497c013952c,2246
dev/tests/integration/testsuite/Magento/CompanyPayment/Controller/Adminhtml/Order/CreateWithB2BAllPaymentMethodsTest.php,b1dcbef28038e0871d02172f2814708f0be3f12c517506195e3e311abf9cd737,3079
dev/tests/integration/testsuite/Magento/CompanyPayment/Controller/Adminhtml/Order/CreateWithB2BSelectedPaymentMethodsTest.php,7fb90b4dfc8674fc2366e35e9d8aed5e8c5c4dbea963ca41446a57fe1ed650d0,2174
dev/tests/integration/testsuite/Magento/CompanyPayment/Controller/Adminhtml/Order/CreateWithSelectedPaymentMethodsB2BAllPaymentMethodsTest.php,de8d15854f0a4d08f7b573b8615ec2650d9307fd8c2cd79318300bb3c2fb0595,2157
dev/tests/integration/testsuite/Magento/CompanyPayment/Controller/Adminhtml/Order/CreateWithSelectedPaymentMethodsB2BSelectedPaymentMethodsAllMethodsConfigDisabledTest.php,81d40bb9fdf1afe5eadee32c3abf9b9e3f0129beb5aec8569294c63c0e5953bb,2268
dev/tests/integration/testsuite/Magento/CompanyPayment/Controller/Adminhtml/Order/CreateWithSelectedPaymentMethodsB2BSelectedPaymentMethodsTest.php,2c7be77e97b8c9aafad745d7975d181cc1c6785cda060613f2eb2ce49cffe586,2261
dev/tests/integration/testsuite/Magento/CompanyPayment/Controller/Adminhtml/Order/CreateWithSelectedPaymentMethodsB2BSelectedPaymentMethodsWebSiteScopeTest.php,ffd27f1dadd311f301703190c9aa9797603cdb042c935d269fcfbacb18f5ff81,2853
dev/tests/integration/testsuite/Magento/CompanyPayment/Model/Source/PaymentMethodTest.php,06094cab2969f6ce67498b0ad6d7265a160b3cf32a136c2dbd3fcb40aa239602,3748
dev/tests/integration/testsuite/Magento/CompanyPayment/Plugin/Quote/PaymentMethodManagementPluginTest.php,87b26bdc2603341d1bc23fdf9689fe870510746d635ca10968587590ec58b81a,24544
dev/tests/integration/testsuite/Magento/CompanyShipping/Block/Company/Profile/ShippingMethodTest.php,8c615cd247750538e0062b9e3d89bec4f6b4fb60b63608ea0d329f9a4a22decb,3640
dev/tests/integration/testsuite/Magento/CompanyShipping/Controller/Adminhtml/Order/CreateAbstract.php,18256125d9f56d9b361d60ff02adf01a2903cff6f1ddc0267729ea8e56428425,2288
dev/tests/integration/testsuite/Magento/CompanyShipping/Controller/Adminhtml/Order/CreateWithAclTest.php,2268ff0fcbcf851af4473887524ec9c7eb13b764a2ec4aed77f3e74f7a316cc8,1510
dev/tests/integration/testsuite/Magento/CompanyShipping/Controller/Adminhtml/Order/CreateWithDisabledShippingMethodsTest.php,be55512e888f9d34ddc30cd858410120a046b024ac2a9670bb73e4fc6f841427,7165
dev/tests/integration/testsuite/Magento/CompanyShipping/Controller/Adminhtml/Order/CreateWithSelectedShippingMethods/LoadBlockShippingMethodWithCompanyCustomerAllShippingMethodsAndSelectedShippingMethodsTest.php,df0db866e5801b717c88302c87440f689f33e67c6d0d32c5185f907cac488138,3722
dev/tests/integration/testsuite/Magento/CompanyShipping/Controller/Adminhtml/Order/CreateWithSelectedShippingMethods/LoadBlockShippingMethodWithCompanyCustomerB2BShippingMethodsAndSelectedShippingMethodsTest.php,0bc79ded9bb2b5c54e88d22c7d7045a69de9f3304b8f8ae048602d6065335433,3723
dev/tests/integration/testsuite/Magento/CompanyShipping/Controller/Adminhtml/Order/CreateWithSelectedShippingMethods/LoadBlockShippingMethodWithCompanyCustomerDefaultB2BShippingMethodsAndSelectedShippingMethodsTest.php,109c077860b77bad426cd0e6c4c0ec610fb85716e3802a81b73c16222690fd99,3042
dev/tests/integration/testsuite/Magento/CompanyShipping/Controller/Adminhtml/Order/CreateWithSelectedShippingMethods/LoadBlockShippingMethodWithCompanyCustomerSelectedShippingMethodsAndB2BSelectedShippingMethodsTest.php,f6c9617830d5a71514d0a57202e5541b69f237659a5a323fb47ba99cb2f4fd61,3833
dev/tests/integration/testsuite/Magento/CompanyShipping/Controller/Adminhtml/Order/CreateWithSelectedShippingMethods/LoadBlockShippingMethodWithDiffCustomerB2BShippingMethodsAndB2BSelectedShippingMethodsTest.php,b583872010f581a1b017a664e99bcd3d7e1c73961f728680d2a7c85419c4478d,4019
dev/tests/integration/testsuite/Magento/CompanyShipping/Controller/Adminhtml/Order/CreateWithSelectedShippingMethods/LoadBlockShippingMethodWithNonCompanyCustomerB2BShippingMethodsAndSelectedShippingMethodsTest.php,d44ddd376a0c09b264c3e225e26f8a60b451727214fdc6c1394ab29c93096fbc,5276
dev/tests/integration/testsuite/Magento/CompanyShipping/Controller/Adminhtml/Order/CreateWithSelectedShippingMethodsAbstract.php,62ea42eaa697bc0a2036710f606d77af603920e300ddf4d7080aed53da2a6305,5412
dev/tests/integration/testsuite/Magento/CompanyShipping/Model/Source/ShippingMethodTest.php,3b534f369395d3524b07ffa9dbcfb00ac9fc1075f326c971ab99ec0a9dc46980,3016
dev/tests/integration/testsuite/Magento/CompanyShipping/Plugin/Quote/AddressPluginTest.php,f5f73135c8f3b69860efe9ee92f8a468b71949b77a849373daa0dc1abab93247,35606
dev/tests/integration/testsuite/Magento/NegotiableQuote/Api/NegotiableQuoteManagementInterfaceTest.php,9c79e4566eed91c5292a77301c035a54097fb9e3590df6826844e05da10d0bca,4139
dev/tests/integration/testsuite/Magento/NegotiableQuote/Api/NegotiableQuoteRepositoryInterfaceTest.php,d0f57e00894be8557286007e7a33aeb29f634ebe2d9075f9f09305bc1d3fbe4e,3135
dev/tests/integration/testsuite/Magento/NegotiableQuote/Block/Adminhtml/CustomerEdit/TabTest.php,34ffe0f32b0920cf6ac77267f545648066a7c4b0695a43ff36f82c48dfb3cd84,2012
dev/tests/integration/testsuite/Magento/NegotiableQuote/Block/Quote/ItemsTest.php,61a7227a8b26c57627ca4229a1e405564793b4db1585ab675815a6c21602a70c,6678
dev/tests/integration/testsuite/Magento/NegotiableQuote/Block/Quote/ViewTest.php,6f40acf4c2f73a1e51842e209814724fb464a2723f601d528065256d71bf6841,2916
dev/tests/integration/testsuite/Magento/NegotiableQuote/Controller/Adminhtml/AbstractTest.php,d56c21038d05e37080ab9d942df2c4a026c4df2ae3700732708ce2007c264ae6,1747
dev/tests/integration/testsuite/Magento/NegotiableQuote/Controller/Adminhtml/DeclineTest.php,a0b99a720c77a2c86e813f660b312aae00b049d69d2ce878ed98ca87d9bd7c13,1192
dev/tests/integration/testsuite/Magento/NegotiableQuote/Controller/Adminhtml/LoggingTest.php,02ba4a0eb13c6aa4740c8cc5fc9aceb7a87a517f402cd9f6e1a05a90b27db566,11238
dev/tests/integration/testsuite/Magento/NegotiableQuote/Controller/Adminhtml/MassDeclineTest.php,0b5b04d0f56dc8080f72b42af70c184a681c3bc8a152011d0265f0f34c86c69c,570
dev/tests/integration/testsuite/Magento/NegotiableQuote/Controller/Adminhtml/PrintActionTest.php,0f4bef73f494e19a2a885642c2274a3e5afcae1c956afb887a034265d7085842,1130
dev/tests/integration/testsuite/Magento/NegotiableQuote/Controller/Adminhtml/Quote/DownloadTest.php,f9eecc7795bc8980824b67bb6828fb7ebfc3b6af313b03753544b086fcf6d0c0,995
dev/tests/integration/testsuite/Magento/NegotiableQuote/Controller/Adminhtml/Quote/UpdateTest.php,2aed4077398098ecf8d45a2bd356be7e2d91e4ab1d2ae103b70427975648893e,11660
dev/tests/integration/testsuite/Magento/NegotiableQuote/Controller/Adminhtml/SaveTest.php,d0416be85919a6deab8f8b04db256239e3a55b30c381efc5c60fa10b5f5c9a8e,768
dev/tests/integration/testsuite/Magento/NegotiableQuote/Controller/Adminhtml/SendTest.php,a0ce9825f17159d8e32f9fbf33cf132ae2760d1330d471ee1c90573ed106e983,768
dev/tests/integration/testsuite/Magento/NegotiableQuote/Controller/Adminhtml/System/ConfigTest.php,4b68c67a2900899e88ab7a09ec8dfd51838ada1fe90906e89b88acf573a4baed,1759
dev/tests/integration/testsuite/Magento/NegotiableQuote/Controller/Adminhtml/ViewTest.php,33d124f1977582e49416133003340cf88a4cc5c57b0ced4189f74c9a93070da0,1108
dev/tests/integration/testsuite/Magento/NegotiableQuote/Controller/Quote/DownloadTest.php,4116441dcab6290818d3a476e741ca3e464a5e440d9717b8a1654b97d63165fb,6611
dev/tests/integration/testsuite/Magento/NegotiableQuote/Model/CommentRepositoryInterfaceTest.php,2fc1ffd4175b177225b3b0d4ecdd7900d88590354f6c0778dfb3df8000a6283a,2933
dev/tests/integration/testsuite/Magento/NegotiableQuote/Model/HistoryRepositoryInterfaceTest.php,0e28ab25093d1b83995640974b1f5eda1505ad9d6f358f05032ca9ef954467b6,2940
dev/tests/integration/testsuite/Magento/NegotiableQuote/Plugin/Customer/SaveAddressPluginTest.php,ff9f912fac53959ac02228406f883b22ab2a620c1f1fed2d9a20c59ca32b26a2,10167
dev/tests/integration/testsuite/Magento/NegotiableQuote/Plugin/Sales/Controller/Order/ReorderPluginTest.php,7556b783d4e2dceab26ee850f018724b79a756223eaa579c43749bc7105982e4,6231
dev/tests/integration/testsuite/Magento/NegotiableQuote/PriceUpdateForExpiredQuoteTest.php,ac9481ddff021a66483d6653392fd850db9c0b6c3e80df8d8d0b057ad552d4ec,23161
dev/tests/integration/testsuite/Magento/NegotiableQuote/_files/apply_coupon.php,6d4efcc78b90cf6d41a6f14bd19e0b4891a0221aeee2435e8b222dd6b9190e05,1166
dev/tests/integration/testsuite/Magento/NegotiableQuote/_files/cart.php,096bf6851693c7a8f7ed53029c7c6a0d4f82487aabdb7d122781cae8cb8daff2,1710
dev/tests/integration/testsuite/Magento/NegotiableQuote/_files/cart_empty_for_customer.php,84d0cae22825cfaecc92d35839fb25a18c6c773280f8df42a08ff3e5f9650089,2010
dev/tests/integration/testsuite/Magento/NegotiableQuote/_files/cart_empty_for_customer_rollback.php,c77ad7ffe43e4195b24f22cdd951f69dc40c01aad836a0e4e5627dfb141d3dd3,944
dev/tests/integration/testsuite/Magento/NegotiableQuote/_files/cart_for_customer_checkout_ready.php,c9cc2b5abfbfad3cc2fb237fdb39c60677a9afc6b0c84053c9a80a58ee7f3781,5407
dev/tests/integration/testsuite/Magento/NegotiableQuote/_files/cart_for_customer_checkout_ready_rollback.php,bab6d9d6d37698c809ebc4889afe26b07ff5cf3edf487482f9332edc58a44ac1,1097
dev/tests/integration/testsuite/Magento/NegotiableQuote/_files/cart_rollback.php,08b6b541457ddad9cc0b4fc06a93df961276e9fb8db1e265be9cb6da8456ef3b,1126
dev/tests/integration/testsuite/Magento/NegotiableQuote/_files/cart_with_item_for_admin.php,dee77bbfc2adf6348fb7fa0b0978a784f370c5d4028264e3a0093e62d9895eb8,1999
dev/tests/integration/testsuite/Magento/NegotiableQuote/_files/cart_with_item_for_admin_rollback.php,bab6d9d6d37698c809ebc4889afe26b07ff5cf3edf487482f9332edc58a44ac1,1097
dev/tests/integration/testsuite/Magento/NegotiableQuote/_files/cart_with_item_for_customer.php,ad550eb8578584d1fd091a3c4f913aeb98ca9259d352a7130c2e0ee8981badfc,2014
dev/tests/integration/testsuite/Magento/NegotiableQuote/_files/cart_with_item_for_customer_rollback.php,bab6d9d6d37698c809ebc4889afe26b07ff5cf3edf487482f9332edc58a44ac1,1097
dev/tests/integration/testsuite/Magento/NegotiableQuote/_files/comments_for_search.php,91213b2f547d8e323fcf3d283244204b90e6c2cafdba0a581cdea2c23ad407ca,2617
dev/tests/integration/testsuite/Magento/NegotiableQuote/_files/company_customer.php,31197333e0f2aa6d8b39bace4ba17ee65eb4f13a639fa8b6badd690126461753,1978
dev/tests/integration/testsuite/Magento/NegotiableQuote/_files/company_customer_rollback.php,cc3fe9af0b3475e652531e7b7b825b4f730a383272536c423cc6705005a10875,346
dev/tests/integration/testsuite/Magento/NegotiableQuote/_files/company_customer_with_checkout_permissions.php,1c84fe8db623c10ec06d7be353db6ace6024ec09947f2725bc1fd9eee7e38628,2325
dev/tests/integration/testsuite/Magento/NegotiableQuote/_files/company_customer_with_checkout_permissions_rollback.php,5f679c088cb7513973f96e123dce39e464511ab3de1fe3ed5347cd163d079715,286
dev/tests/integration/testsuite/Magento/NegotiableQuote/_files/company_customer_with_manage_permissions.php,db608f58cb6b440d08be56374417a2515bd243bd609de5743abdb2e4de11e7f1,2284
dev/tests/integration/testsuite/Magento/NegotiableQuote/_files/company_customer_with_manage_permissions_rollback.php,5f679c088cb7513973f96e123dce39e464511ab3de1fe3ed5347cd163d079715,286
dev/tests/integration/testsuite/Magento/NegotiableQuote/_files/company_customer_with_no_permissions.php,51cce3dc4fa779c3691f70db84f58baa04d8ad82eac6c50c9ba5fc304e9697ec,2155
dev/tests/integration/testsuite/Magento/NegotiableQuote/_files/company_customer_with_no_permissions_rollback.php,5f679c088cb7513973f96e123dce39e464511ab3de1fe3ed5347cd163d079715,286
dev/tests/integration/testsuite/Magento/NegotiableQuote/_files/company_customer_with_view_permissions.php,cf7b291b631918bc4909a7ba2197878624f579325890fc75364e90e7d64055ae,2250
dev/tests/integration/testsuite/Magento/NegotiableQuote/_files/company_customer_with_view_permissions_rollback.php,5f679c088cb7513973f96e123dce39e464511ab3de1fe3ed5347cd163d079715,286
dev/tests/integration/testsuite/Magento/NegotiableQuote/_files/company_no_po_customer_with_checkout_permissions.php,1bd03d9b4decf52fba02ff81888ac656255e8a10d3148122f1a91eaa6750fef5,1073
dev/tests/integration/testsuite/Magento/NegotiableQuote/_files/company_no_po_customer_with_checkout_permissions_rollback.php,5f679c088cb7513973f96e123dce39e464511ab3de1fe3ed5347cd163d079715,286
dev/tests/integration/testsuite/Magento/NegotiableQuote/_files/company_with_customer_for_quote.php,3c2c4ba574cd49f07317cf66d5ec28a9af3c7724f67aa393dcc557aca6eca025,2479
dev/tests/integration/testsuite/Magento/NegotiableQuote/_files/company_with_customer_for_quote_rollback.php,040d7f632624ca386981d86fcb8fae8bd80c9a507e9ea1b634f0a5aeedab6604,1514
dev/tests/integration/testsuite/Magento/NegotiableQuote/_files/company_with_structure_no_view_subs.php,bd991578c69fb0fa1f465313f7b4e31681a2e29cadc2c28b37295bb37dce43d2,4086
dev/tests/integration/testsuite/Magento/NegotiableQuote/_files/company_with_structure_no_view_subs_rollback.php,8e7e8e2db160eaf1695610998951676030c18b9fdee0f310b8813238450b3064,280
dev/tests/integration/testsuite/Magento/NegotiableQuote/_files/company_with_structure_view_subs.php,6a57972367cbdc3238b334285602b4406c1730c904aadf0db6384f7cd9e5f416,2117
dev/tests/integration/testsuite/Magento/NegotiableQuote/_files/company_with_structure_view_subs_rollback.php,bad43c4e47a2f32741642488fecd53b49902cc787aa4388313f91f2ad9bb7cf6,305
dev/tests/integration/testsuite/Magento/NegotiableQuote/_files/customer_address.php,b7f3444d491b5b5d3e7ff6df9f3446e62b2834cd524eb035fd59012547098fb2,1007
dev/tests/integration/testsuite/Magento/NegotiableQuote/_files/customer_address_for_customer.php,a82588cdba0c7ce4a94db6023eb6e1b86721d86a817b59e29a60c19f22e8b7f3,1912
dev/tests/integration/testsuite/Magento/NegotiableQuote/_files/customer_address_for_customer_rollback.php,c8dd4f4c0ee691f026168bf96b0c389c9aee2b27aacf1e46a28b9d6e83292a7e,725
dev/tests/integration/testsuite/Magento/NegotiableQuote/_files/customer_address_rollback.php,bf8e7dc6cc32222c9bf6a57ddbbf318d689c90c2574a2c8737bb84f117d59ae3,725
dev/tests/integration/testsuite/Magento/NegotiableQuote/_files/customer_cart_for_checkout.php,638ad64397dff26b2b8810ab99f12d3d679575380a56430ff1cdb994800014e4,2775
dev/tests/integration/testsuite/Magento/NegotiableQuote/_files/customer_cart_for_checkout_rollback.php,962e27edb385f7cfe13352a39f20b643eb788b9ebb694c6fc363046d46ac54de,316
dev/tests/integration/testsuite/Magento/NegotiableQuote/_files/customer_cart_with_order_placed.php,c8d3be2505b664d26a435190904df295412ecae22d3695aef831caeca03a35c4,1997
dev/tests/integration/testsuite/Magento/NegotiableQuote/_files/customer_cart_with_order_placed_rollback.php,d563e64c8a9f4e1bd396377f3e68d4f4dc0cb0c8b51e14f0c6ffe63483e4ea7b,1155
dev/tests/integration/testsuite/Magento/NegotiableQuote/_files/customer_no_company.php,ca97141b04fdc237fdd4cec49ccddf4203eb9c2ec5cf8751e7b11e0ac54b3f10,649
dev/tests/integration/testsuite/Magento/NegotiableQuote/_files/customer_no_company_rollback.php,d8fa221589e2174f9c7dbd0d4ebcb5f420d3cd93896000f541e11e4c9a5ba1c8,660
dev/tests/integration/testsuite/Magento/NegotiableQuote/_files/discount_10percent.php,f4efd9d55c44765f2624dcf53d795c8cd5f6ba34bfad050a9b4d6f610f352399,1364
dev/tests/integration/testsuite/Magento/NegotiableQuote/_files/history_for_search.php,d14ae8495e1cac9f11fd2ea3b2a8eb91bc4a8706382753baad3d52962b5b95f5,2776
dev/tests/integration/testsuite/Magento/NegotiableQuote/_files/multiple_negotiable_quotes_by_customer.php,7f50f95275d01e8d8c2d07c2d2a88dcb87a27fbe37e3e5b241b717466f9f58cd,3064
dev/tests/integration/testsuite/Magento/NegotiableQuote/_files/multiple_negotiable_quotes_by_customer_rollback.php,eb705dd324051f86b4187ee7ca015a6f09e18622e0917050d5787c122e2ea731,298
dev/tests/integration/testsuite/Magento/NegotiableQuote/_files/negotiable_quote.php,ae5cd9f2db50aa2039ca57051e4e1aaa39c468aa5d7fcb1447e604b0708ea789,2605
dev/tests/integration/testsuite/Magento/NegotiableQuote/_files/negotiable_quote_attachment.php,0d9ec857d7b781cac832fb06f40e6458497383d8008ec1b16db6cffa9f26787c,1419
dev/tests/integration/testsuite/Magento/NegotiableQuote/_files/negotiable_quote_attachment_rollback.php,248fa23b71fb1435a708c4b8150084ea93e348e727014f95b3253eebcc21eefc,729
dev/tests/integration/testsuite/Magento/NegotiableQuote/_files/negotiable_quote_by_customer.php,1b52599dbd31bcaf8d587a985480a3835915ae08c5cbc5e5139ec683dcd83ce5,2960
dev/tests/integration/testsuite/Magento/NegotiableQuote/_files/negotiable_quote_by_customer_closed.php,1bd6e1e8faa3682d4329d0ea1f08d0a9b08bb22691235094c4ca99d62b45796c,2766
dev/tests/integration/testsuite/Magento/NegotiableQuote/_files/negotiable_quote_by_customer_closed_rollback.php,c300c9e95e0654e076756b0e58957c179b383389b2ef41dca08f5bbbe5698291,2129
dev/tests/integration/testsuite/Magento/NegotiableQuote/_files/negotiable_quote_by_customer_for_checkout.php,5e561c19d23f6f91e8acc288dfefd09d1f6271316ce951358946699911b8a558,3900
dev/tests/integration/testsuite/Magento/NegotiableQuote/_files/negotiable_quote_by_customer_for_checkout_rollback.php,c300c9e95e0654e076756b0e58957c179b383389b2ef41dca08f5bbbe5698291,2129
dev/tests/integration/testsuite/Magento/NegotiableQuote/_files/negotiable_quote_by_customer_for_checkout_without_shipping_address.php,f70463ae7b2567c737ddbe8f3cd2cb66330b191ea3c265a756a1e1ab579a0475,3901
dev/tests/integration/testsuite/Magento/NegotiableQuote/_files/negotiable_quote_by_customer_for_checkout_without_shipping_address_rollback.php,c300c9e95e0654e076756b0e58957c179b383389b2ef41dca08f5bbbe5698291,2129
dev/tests/integration/testsuite/Magento/NegotiableQuote/_files/negotiable_quote_by_customer_for_payment_method.php,076bff80bd3009f20601239acf479c6ce99a7cf7546afc407302fdd91dd24a1a,3693
dev/tests/integration/testsuite/Magento/NegotiableQuote/_files/negotiable_quote_by_customer_for_payment_method_rollback.php,c300c9e95e0654e076756b0e58957c179b383389b2ef41dca08f5bbbe5698291,2129
dev/tests/integration/testsuite/Magento/NegotiableQuote/_files/negotiable_quote_by_customer_for_place_order.php,f15e3113835b8447e651b9dbe6e2e077930894ac23d9716094d6df20f3736c4e,5145
dev/tests/integration/testsuite/Magento/NegotiableQuote/_files/negotiable_quote_by_customer_for_place_order_free.php,fc4bf8e5361138b47667f632f85c7e45a2893916e02216045348d18cb9611ee1,5169
dev/tests/integration/testsuite/Magento/NegotiableQuote/_files/negotiable_quote_by_customer_for_place_order_free_rollback.php,c300c9e95e0654e076756b0e58957c179b383389b2ef41dca08f5bbbe5698291,2129
dev/tests/integration/testsuite/Magento/NegotiableQuote/_files/negotiable_quote_by_customer_for_place_order_out_of_stock.php,f42150d95cd79658e62a36a23b7fb95fca685293fed3ffaf417ff563b17e5418,5781
dev/tests/integration/testsuite/Magento/NegotiableQuote/_files/negotiable_quote_by_customer_for_place_order_out_of_stock_rollback.php,c300c9e95e0654e076756b0e58957c179b383389b2ef41dca08f5bbbe5698291,2129
dev/tests/integration/testsuite/Magento/NegotiableQuote/_files/negotiable_quote_by_customer_for_place_order_rollback.php,c300c9e95e0654e076756b0e58957c179b383389b2ef41dca08f5bbbe5698291,2129
dev/tests/integration/testsuite/Magento/NegotiableQuote/_files/negotiable_quote_by_customer_for_place_order_wrong_status.php,0e8de1dbc76470be9d94a1480811b10109f2e3d7d404a8c897afe2259cef1d58,5146
dev/tests/integration/testsuite/Magento/NegotiableQuote/_files/negotiable_quote_by_customer_for_place_order_wrong_status_rollback.php,c300c9e95e0654e076756b0e58957c179b383389b2ef41dca08f5bbbe5698291,2129
dev/tests/integration/testsuite/Magento/NegotiableQuote/_files/negotiable_quote_by_customer_no_billing.php,d3fc0e903fb53e7ea93ecdbd5885d85b4e3d4c0e7b6c9f48af1bf0d4b23924cc,4716
dev/tests/integration/testsuite/Magento/NegotiableQuote/_files/negotiable_quote_by_customer_no_billing_rollback.php,c300c9e95e0654e076756b0e58957c179b383389b2ef41dca08f5bbbe5698291,2129
dev/tests/integration/testsuite/Magento/NegotiableQuote/_files/negotiable_quote_by_customer_no_payment.php,6f153641268b14082ed2de138c69ae4e85ee123526665fd79b20c814ee484e5e,4964
dev/tests/integration/testsuite/Magento/NegotiableQuote/_files/negotiable_quote_by_customer_no_payment_rollback.php,c300c9e95e0654e076756b0e58957c179b383389b2ef41dca08f5bbbe5698291,2129
dev/tests/integration/testsuite/Magento/NegotiableQuote/_files/negotiable_quote_by_customer_no_shipping.php,14a6f3f40031a2e4c3a43749d8d2c51c4c1dc748da1783f7ffb1cf66ecea35ad,3820
dev/tests/integration/testsuite/Magento/NegotiableQuote/_files/negotiable_quote_by_customer_no_shipping_method.php,294d1ea426881e9477636ff9d1c770b99dea42be5c80f78ea7a2f68d110459ab,4522
dev/tests/integration/testsuite/Magento/NegotiableQuote/_files/negotiable_quote_by_customer_no_shipping_method_rollback.php,c300c9e95e0654e076756b0e58957c179b383389b2ef41dca08f5bbbe5698291,2129
dev/tests/integration/testsuite/Magento/NegotiableQuote/_files/negotiable_quote_by_customer_no_shipping_rollback.php,c300c9e95e0654e076756b0e58957c179b383389b2ef41dca08f5bbbe5698291,2129
dev/tests/integration/testsuite/Magento/NegotiableQuote/_files/negotiable_quote_by_customer_rollback.php,c300c9e95e0654e076756b0e58957c179b383389b2ef41dca08f5bbbe5698291,2129
dev/tests/integration/testsuite/Magento/NegotiableQuote/_files/negotiable_quote_by_manager.php,43db5eba3eca59269080bdd339d83a560aef28e1a6d6be31e48ada1aa9b1f9e9,2608
dev/tests/integration/testsuite/Magento/NegotiableQuote/_files/negotiable_quote_by_manager_rollback.php,ea08b22336356cd105368dabb6f5e7a8938cc08fde470bc5dd40b2d850273f32,2129
dev/tests/integration/testsuite/Magento/NegotiableQuote/_files/negotiable_quote_can_decline.php,259f606f82c9d9c7944110d216462ade2b946cac91792c7ef86854666eefc73e,2246
dev/tests/integration/testsuite/Magento/NegotiableQuote/_files/negotiable_quote_multiple_items_by_customer.php,680f2f120528087b1891ccfca17a9f15a7f16b60eb6cf8b25960b2c856e01764,3437
dev/tests/integration/testsuite/Magento/NegotiableQuote/_files/negotiable_quote_multiple_items_by_customer_rollback.php,eb705dd324051f86b4187ee7ca015a6f09e18622e0917050d5787c122e2ea731,298
dev/tests/integration/testsuite/Magento/NegotiableQuote/_files/negotiable_quote_rollback.php,51afab78812164bc84e94d1633b991efa0a4248e4c541ec0153cec37631f788e,1844
dev/tests/integration/testsuite/Magento/NegotiableQuote/_files/negotiable_quote_saved_as_draft.php,7b998cb4111bcfa22f6d74d760547bf2dc3d8eaf73032ff271b9149b8ad3ffe8,4247
dev/tests/integration/testsuite/Magento/NegotiableQuote/_files/negotiable_quote_saved_as_draft_rollback.php,be4552b1f9ac5e4945821761ef6830425a3d79dc1e2ae5e8ee79d2f24d046a01,2133
dev/tests/integration/testsuite/Magento/NegotiableQuote/_files/negotiable_quote_with_attachment.php,43138e6a2fdd9ad495d84c33059b22111f6c427565952fc883d5a6e01be9a515,4325
dev/tests/integration/testsuite/Magento/NegotiableQuote/_files/negotiable_quote_with_attachment_rollback.php,410434b038c2b226dcf15d222803d383d7ac2770a052ea47cd8bd98ca849ce12,1824
dev/tests/integration/testsuite/Magento/NegotiableQuote/_files/negotiable_quote_with_bundle_products.php,3228a7e11dd2807047503b60207ff7be6ee16d1d963594e801ad812ef724c99f,2741
dev/tests/integration/testsuite/Magento/NegotiableQuote/_files/negotiable_quote_with_company_and_customer.php,a4bd6675e9a0a89825cafa6ae7aa23b3191b7fe50340338576b7b4b23a9259f6,1558
dev/tests/integration/testsuite/Magento/NegotiableQuote/_files/negotiable_quote_with_company_and_customer_rollback.php,0bc57304e7f52b412e1aee385fcef9ce5c0d7b107a54229ee3e1797c59081355,885
dev/tests/integration/testsuite/Magento/NegotiableQuote/_files/negotiable_quote_with_declined_status.php,7f4af1079120a260509daa4b58e93acc9f5b9b8df692d17ac325a9fc6fa477f9,2924
dev/tests/integration/testsuite/Magento/NegotiableQuote/_files/negotiable_quote_with_declined_status_rollback.php,a7d21275cf6908622e01bda0cdb9d7c5b19a45ea52b26eccac31d7690416c95f,2122
dev/tests/integration/testsuite/Magento/NegotiableQuote/_files/negotiable_quote_with_expiration_history.php,ee06b2641bed1f11d62181ca54d08ef4e12a4b265a83dea5f1be38b8af97684f,3823
dev/tests/integration/testsuite/Magento/NegotiableQuote/_files/negotiable_quote_with_expiration_history_rollback.php,be4552b1f9ac5e4945821761ef6830425a3d79dc1e2ae5e8ee79d2f24d046a01,2133
dev/tests/integration/testsuite/Magento/NegotiableQuote/_files/negotiable_quote_with_giftcard_products.php,cc95fc7a81df8965eba32294ff374226f737e14e7864804f65ea75b6551fe76e,2739
dev/tests/integration/testsuite/Magento/NegotiableQuote/_files/negotiable_quote_with_shipping_address.php,7e445dc2005460f61698964232ebc59fa9375e9a3fece7cf4353411ffdcd373a,2995
dev/tests/integration/testsuite/Magento/NegotiableQuote/_files/negotiable_quote_with_shipping_address_rollback.php,9be7b5757b4fad1fba216a54f709ee98ad43433ee1b82b21a125cf2fddbd24df,890
dev/tests/integration/testsuite/Magento/NegotiableQuote/_files/negotiable_quote_with_virtual_product.php,e69a8f223f5b79f1c74538214e8af27d5a0eabc6edf893b5a3b42e0fbcda6f81,2614
dev/tests/integration/testsuite/Magento/NegotiableQuote/_files/negotiable_quote_with_virtual_product_rollback.php,745257a0adb17fbb2386472553f9db8f86e6a201426322a55d4ac3750a22ba8b,286
dev/tests/integration/testsuite/Magento/NegotiableQuote/_files/negotiable_quote_without_negotiated_price.php,7e68eedd79011932cb5560beb6a535a21cb80c0d0f1a2f3e7446360a5517dd21,1855
dev/tests/integration/testsuite/Magento/NegotiableQuote/_files/negotiable_quotes_for_search.php,1a5a1ca5d38a6cc973c8183d6a1a5f2468bbb5308d19d136122468a479c45f9a,2224
dev/tests/integration/testsuite/Magento/NegotiableQuote/_files/negotiable_quotes_for_structure_no_mask.php,5c8d4c05a36aeaf2a24901e676ec9040e36b7239db2b38bd8b14a451c9ad694b,3781
dev/tests/integration/testsuite/Magento/NegotiableQuote/_files/negotiable_quotes_for_structure_no_mask_rollback.php,b25ab0c65d39161089d090797ddc76d30515477ee95bf0bc2d1905c6fb195e10,2237
dev/tests/integration/testsuite/Magento/NegotiableQuote/_files/nq_for_company_customer_with_product_in_shared_catalog.php,8baab86ccac7255dfee1af9b34d6bf1e7928ad17db9e0e323da8deaa7443ea68,2822
dev/tests/integration/testsuite/Magento/NegotiableQuote/_files/product_simple.php,9b969047956db294db4e0ac8382ab35cb5aa56a4f5a703269c4779b8add032f0,3042
dev/tests/integration/testsuite/Magento/NegotiableQuote/_files/product_simple_rollback.php,95d0f27886f206472217bdf7d43e3cd377c8a4eab0efc764ee2015688981c764,1021
dev/tests/integration/testsuite/Magento/NegotiableQuote/_files/product_simple_taxable.php,d0028107aa4aa41d23d9728babf0e1fbdd556f53ab544af870991451d85b9b36,1448
dev/tests/integration/testsuite/Magento/NegotiableQuote/_files/product_simple_taxable_rollback.php,c3e33bfd23658f1de56360904a2d9d64dcd9e1194741a1a8059bfd0a2fcc4d24,324
dev/tests/integration/testsuite/Magento/NegotiableQuote/_files/product_virtual.php,a0b14f78d073f91a3b4bc655335d225d13899e69f888454c09b037cfa4e2204f,1132
dev/tests/integration/testsuite/Magento/NegotiableQuote/_files/product_virtual_rollback.php,3fdbe027e4f83311d5c04d7f8e1fee51c3489e840e94a7e4384d6a5e1169230b,922
dev/tests/integration/testsuite/Magento/NegotiableQuote/_files/quote_with_comment_attachment.php,03863d79c4a961b04f2f1d26a88e697e6a554e3b4ce649c852a783921ff22ed8,2224
dev/tests/integration/testsuite/Magento/NegotiableQuote/_files/second_company.php,fdeaf707bf76d517f7612c77f1f67e14b8f412ad4ba5fd0513910e16c8759ecd,1973
dev/tests/integration/testsuite/Magento/NegotiableQuote/_files/second_company_rollback.php,acac27da6c3beadfae8ca538b11fd7593d79994d6cdba2f81a95b64b75fcb5d1,1432
dev/tests/integration/testsuite/Magento/NegotiableQuote/_files/second_store.php,310ec0afcb0b8a1c6dafaa02e7bd4425adbd2edb9b6ed4c58e0857ba0dc8b69f,577
dev/tests/integration/testsuite/Magento/NegotiableQuote/_files/second_store_rollback.php,35405ca881713a1ecb3725c37362c704e4b8d8dc5f41ff484fd5c885480ee2ff,1516
dev/tests/integration/testsuite/Magento/NegotiableQuote/_files/second_website.php,b6519447b211da321e4c4ed93726b1919489c458407e2a59b989072584c556b5,705
dev/tests/integration/testsuite/Magento/NegotiableQuote/_files/second_website_rollback.php,a2177015bdc0682f00a16d6ec639111ebb9b9e9f53f4233e4b9c1a0e7bdbcf57,1760
dev/tests/integration/testsuite/Magento/NegotiableQuote/_files/tax_rule_de.php,65e214f10664c322744906adc02d7cdf4f99697ac56e0fba4d2e68b2cdfe11a8,1012
dev/tests/integration/testsuite/Magento/NegotiableQuote/_files/tax_rule_de_rollback.php,9add370b071e401019684d9b8dddc5e21b7357b0321857a688a49c3ad56e896c,1009
dev/tests/integration/testsuite/Magento/NegotiableQuote/_files/tax_rule_us.php,ead3df4c4cad7117aac40f1de659d0095397a2d5c9b7d546e601f0b66d295c09,1012
dev/tests/integration/testsuite/Magento/NegotiableQuote/_files/tax_rule_us_rollback.php,c9d3b0fdbeaab8a0bb5192671f4c61370839258641f7343512ddf019854ec2e0,1009
dev/tests/integration/testsuite/Magento/NegotiableQuote/_files/two_simple_products_for_quote.php,c0c0a480dfcf6c77bbc143c165a83019beb38ce2cbccf9d9dc1da855466c33f5,2144
dev/tests/integration/testsuite/Magento/NegotiableQuote/_files/two_simple_products_for_quote_rollback.php,e9e08893301d508a0c715d5909c56676bbf4968b06ae100e17ecbaaf1f6949fd,1314
dev/tests/integration/testsuite/Magento/OrderHistorySearch/Block/Order/RecentTest.php,82881ce6cc21c63529b38cf512b0a450e0202de4648a2c5fcdc62379162680d8,19696
dev/tests/integration/testsuite/Magento/OrderHistorySearch/Model/Filter/CreatedByTest.php,fd0a751a947af22aa6a1d926a08169d9c4d6113339866fa2966d4b8e43403f57,13197
dev/tests/integration/testsuite/Magento/OrderHistorySearch/Model/Filter/OrderDateFromTest.php,8e1f0088a06c3d456ccfa1ac0cbee14259346abeaa45d6496c3c9a1416a69b7b,8661
dev/tests/integration/testsuite/Magento/OrderHistorySearch/Model/Filter/OrderDateToTest.php,de661bde4ed4c1f21f2d7f7823ac50867112fcc8063610eda69781e8de1f0bee,8625
dev/tests/integration/testsuite/Magento/OrderHistorySearch/Model/Order/Customer/DataProviderTest.php,17dd34302d5d414bf7944cffd1d90f332dde5eb541e2cd2a3c65e79bcb09c6cb,12865
dev/tests/integration/testsuite/Magento/OrderHistorySearch/Plugin/Sales/Block/Order/HistoryPluginTest.php,f91643aa3fed3a9cfc05dad3a9cb59b40db80f534b54979276928c46903d8c08,19572
dev/tests/integration/testsuite/Magento/OrderHistorySearch/_files/address_data.php,836a6794e639950afd7c7b26fef09c0e31bf1f60e27ff2034a279f9edf4c21c0,426
dev/tests/integration/testsuite/Magento/OrderHistorySearch/_files/companies_with_admin.php,20397089610d157bac28d4945d285557f541eb009aed5863f78b25d98b6d23be,3680
dev/tests/integration/testsuite/Magento/OrderHistorySearch/_files/company_with_structure_and_orders.php,caa50b3a13478910669e15686a1426f5a4a39586ec019766d7ec0358a1cacd2a,2490
dev/tests/integration/testsuite/Magento/OrderHistorySearch/_files/company_with_structure_and_orders_rollback.php,8ffcb915c112ac115778319e14e4f72a5c0a0d3671c82b6e9ee8abad15fb6af2,1558
dev/tests/integration/testsuite/Magento/OrderHistorySearch/_files/customers_with_orders.php,b60ff5e213500a6fd8d5286620173c6080dc7c140f7b8c86d0e0da66becf96ee,5194
dev/tests/integration/testsuite/Magento/PaypalPurchaseOrder/Plugin/Paypal/Controller/Express/AbstractExpress/CancelTest.php,ef5ec3440e38a733b22c0ef44edb214f218fbd3bc65d60daec9abbe72035126b,8936
dev/tests/integration/testsuite/Magento/PaypalPurchaseOrder/Plugin/Paypal/Controller/Express/AbstractExpressTest.php,a4fa0d7f46adbf798e496875f00b0b5d27b475edfcb0ffa7aa3e1370726ef4b4,11181
dev/tests/integration/testsuite/Magento/PaypalPurchaseOrder/Plugin/Paypal/Model/ExpressConfigProviderTest.php,9928540971eedf087cd3d48519a1a40345ff20af29ccc217468f1a2ed007c7a0,21388
dev/tests/integration/testsuite/Magento/PaypalPurchaseOrder/_files/company_with_purchase_orders_customer_addresses.php,a0cbc1d1f661de22fc4b90822a62f37b62fb8850c8a27c68d7f8d2ed5490431f,6684
dev/tests/integration/testsuite/Magento/PurchaseOrder/Block/PurchaseOrder/EmailTotalsTest.php,e2dd156e26c91dfcef872285707daf0ac554c328c9ae5b24dbf088395f4a8091,4524
dev/tests/integration/testsuite/Magento/PurchaseOrder/Block/PurchaseOrder/Info/BannerTest.php,55bbe1d3187536dbbf61b37e75f453529546f7f658e50bc5a0dc7650f5e517df,5498
dev/tests/integration/testsuite/Magento/PurchaseOrder/Block/PurchaseOrder/Info/ButtonsTest.php,e07608be26060f15b60b0646a45ee6f0f8b95e1de2d6374033857e46dd403a91,3133
dev/tests/integration/testsuite/Magento/PurchaseOrder/Block/PurchaseOrder/Info/ShippingTest.php,08bcff6e797b3e17fb8a8890b7513e9c16a6750111d7605c6dd3237a3f8f0bb4,4850
dev/tests/integration/testsuite/Magento/PurchaseOrder/Block/PurchaseOrder/Info/TitleTest.php,de51580c158f1efb008d81122cf7090177236657464813503f9ae66309017bb7,2460
dev/tests/integration/testsuite/Magento/PurchaseOrder/Block/PurchaseOrder/ItemsTest.php,6ce0b646945d3c2413bc29bbe5b773b800427329991a66c7f47dfa14de4ef65e,3643
dev/tests/integration/testsuite/Magento/PurchaseOrder/Block/PurchaseOrder/Success/IsPaymentMethodNotOfflineTest.php,4e978687ceecf97793895a9c6f49c7e52c57e0120fda7c15f234319fb613101e,1846
dev/tests/integration/testsuite/Magento/PurchaseOrder/Block/PurchaseOrder/Success/IsPaymentMethodOfflineTest.php,2828642efff4a4acc45d513d527da18b53369d12bcd7c696d10f2d73e77b4f48,1850
dev/tests/integration/testsuite/Magento/PurchaseOrder/Block/PurchaseOrder/SuccessAbstract.php,ea159326714a520194b63e0b34bb143964ce74843088cf283408f3ed04b2afd4,1874
dev/tests/integration/testsuite/Magento/PurchaseOrder/Controller/PurchaseOrder/AddItem/AddItemActionAsCompanyUserTest.php,edf719339ca445f02e5d67f9ec919d8fe3e3b6320a1dfb0a5a8f83a7450eaca4,9085
dev/tests/integration/testsuite/Magento/PurchaseOrder/Controller/PurchaseOrder/AddItem/AddItemActionAsGuestUserTest.php,92961316e357b57885e5184299653e718caf4aa6b9551635a7d08795a6d72d7c,1194
dev/tests/integration/testsuite/Magento/PurchaseOrder/Controller/PurchaseOrder/AddItem/AddItemActionAsNonCompanyUserTest.php,42847a8c13252c5e729b991b88745a3999fb8634390e43760b9c14bf103dd7d5,1700
dev/tests/integration/testsuite/Magento/PurchaseOrder/Controller/PurchaseOrder/AddItem/AddItemActionAsOtherCompanyAdminTest.php,d11e912c552b0b6f8961ffe00cdde0aa3b0bd4afe415286dc7abd8aaf6823e19,1745
dev/tests/integration/testsuite/Magento/PurchaseOrder/Controller/PurchaseOrder/AddItem/AddItemActionNotAvaliableItemTest.php,6f3514300c57cac2599c7fbd15c781e99834fe6072dd276b2706de90aa8d5005,2460
dev/tests/integration/testsuite/Magento/PurchaseOrder/Controller/PurchaseOrder/AddItemAbstract.php,fa11f8f6afaf582a7ca56a503c69540b099da56db3d65f4b3b2b451f4751aa29,6023
dev/tests/integration/testsuite/Magento/PurchaseOrder/Controller/PurchaseOrder/Approve/ApproveActionAsCompanyUserTest.php,207ccf28bf3964b30a646578d781a1b12b194b9294a44669e98b7aa9b3d1fc03,4809
dev/tests/integration/testsuite/Magento/PurchaseOrder/Controller/PurchaseOrder/Approve/ApproveActionGetRequestTest.php,35667f10b76be67d0cf37da2c68d7c215ccfe5610490114ad6fa31117ba5be13,2282
dev/tests/integration/testsuite/Magento/PurchaseOrder/Controller/PurchaseOrder/Approve/ApproveActionNonexistingPurchaseOrderTest.php,be4990670a21ee6fb110547cae4c57a05b17857734d1f7b33f86a4092eea0775,1390
dev/tests/integration/testsuite/Magento/PurchaseOrder/Controller/PurchaseOrder/Approve/ApproveAsCompanyAdminApprovedPurchaseOrderTest.php,ee64b7aa1e1373f4ae9637bef2910d7835ba9ede9346dce2e29e69e52a1ff0f9,14073
dev/tests/integration/testsuite/Magento/PurchaseOrder/Controller/PurchaseOrder/Approve/ApproveAsCompanyAdminUnapprovablePurchaseOrderTest.php,be8182b2a7f5d93595e6e0b1cf72ef19d4ebfee630e980c5668ab1c21b78f0f9,3744
dev/tests/integration/testsuite/Magento/PurchaseOrder/Controller/PurchaseOrder/ApproveAbstract.php,74620edab8456a71c529a34b44c63bc9ebfee309b9d4561c01a768d07e5cbf7f,3406
dev/tests/integration/testsuite/Magento/PurchaseOrder/Controller/PurchaseOrder/Cancel/CancelActionAsCompanyUserTest.php,0f13bda653e9a35fe2c7d4f5bbf37315d9ababa86d4f88d0ed746f108ef92968,4784
dev/tests/integration/testsuite/Magento/PurchaseOrder/Controller/PurchaseOrder/Cancel/CancelActionAsGuestUserTest.php,3068b6468670a8bd531d3bbfc7e51a16b394d956bed25be68722a7ea3b69dff0,1887
dev/tests/integration/testsuite/Magento/PurchaseOrder/Controller/PurchaseOrder/Cancel/CancelActionAsNonCompanyUserTest.php,8285518b02bbaa49b2d5cb0f95485cb1c1d965ac1baeea8da14728b4a9ff1067,2340
dev/tests/integration/testsuite/Magento/PurchaseOrder/Controller/PurchaseOrder/Cancel/CancelActionAsOtherCompanyAdminTest.php,2b61608b0c0139008e7bf18f0a0a1ea00771294c352d4b3da80e7ba4aca081c7,2499
dev/tests/integration/testsuite/Magento/PurchaseOrder/Controller/PurchaseOrder/Cancel/CancelActionGetRequestTest.php,39e31186da8056c990741dd0826c423af4886d9be16fe67255a7640332f2e528,1663
dev/tests/integration/testsuite/Magento/PurchaseOrder/Controller/PurchaseOrder/Cancel/CancelActionNonexistingPurchaseOrderTest.php,8a30310fdfaaa5f1a93a1c919fdc3018e1bb94d72c54ae5ecde2a4041b8ee65f,1625
dev/tests/integration/testsuite/Magento/PurchaseOrder/Controller/PurchaseOrder/Cancel/CancelAsCompanyAdminNonCancellablePurchaseOrderTest.php,d3fe8eacb3cad477a79bf776d8c63959e3771abfb2bce167fa220a6479133cfa,3231
dev/tests/integration/testsuite/Magento/PurchaseOrder/Controller/PurchaseOrder/Cancel/CancelCancellablePurchaseOrderTest.php,9d169e2729694764c0a1f79a2fd55ef5544702bae0c287061f3c9a5e7c5511e3,6133
dev/tests/integration/testsuite/Magento/PurchaseOrder/Controller/PurchaseOrder/CancelAbstract.php,d35be018d46d7bdb86b73e3dfb219649ad1d0814d06732d1cb359c7d5e0b3b2b,1250
dev/tests/integration/testsuite/Magento/PurchaseOrder/Controller/PurchaseOrder/IndexTest.php,cb30fc52048fcb6dc040b599d630b463584d8290e554e66a93256c2f9356599f,14682
dev/tests/integration/testsuite/Magento/PurchaseOrder/Controller/PurchaseOrder/PaymentDetails/DiscountCodeFieldRemovedOnPaymentDetailsTest.php,dbb8fa10c2f35a99ac319f328a09ef07664b95aabb1e6fd306adf0b9a7707976,2229
dev/tests/integration/testsuite/Magento/PurchaseOrder/Controller/PurchaseOrder/PaymentDetails/PaymentDetailsPageQuoteErrorRedirectTest.php,2de35c3c1a78fa5880fc354465275f4469c3b7a6d04f7742a4d703d1769721ce,8241
dev/tests/integration/testsuite/Magento/PurchaseOrder/Controller/PurchaseOrder/PaymentDetails/PaymentDetailsPageTest.php,2b270ccf0d3d3f6e5236e1c2e972cb445e91839e78a1a2948818cfac47c81922,4366
dev/tests/integration/testsuite/Magento/PurchaseOrder/Controller/PurchaseOrder/PaymentDetailsAbstract.php,6616e32f5d343f09411c10983dc074a93d5298420ecb577d2274e6392dc2fb43,2858
dev/tests/integration/testsuite/Magento/PurchaseOrder/Controller/PurchaseOrder/PlaceOrder/PlaceOrderActionAsCompanyAdminWithCommentPurchaseOrderTest.php,2f0c98c557f58338ea8c48e3dbf8de40615438cd44d0809a952476e0106e76c3,3201
dev/tests/integration/testsuite/Magento/PurchaseOrder/Controller/PurchaseOrder/PlaceOrder/PlaceOrderActionAsCompanyUserTest.php,ac507b23cb67eb2527545435a0cdf1d23f4391b38496b7075459354e820e8bc3,3075
dev/tests/integration/testsuite/Magento/PurchaseOrder/Controller/PurchaseOrder/PlaceOrder/PlaceOrderActionAsCompanyUserWithOnlinePaymentUsedTest.php,37e018dbb7ad7ce3a9b4ce859e171f72654313c8c354f92270fcc655629a6d2b,3382
dev/tests/integration/testsuite/Magento/PurchaseOrder/Controller/PurchaseOrder/PlaceOrder/PlaceOrderActionAsGuestUserTest.php,252c3a3b45d1cb8a1dce9468cd313e6566c81f85b38fe2ba8b548c75a9ae880b,1155
dev/tests/integration/testsuite/Magento/PurchaseOrder/Controller/PurchaseOrder/PlaceOrder/PlaceOrderActionAsNonCompanyUserTest.php,acd253b0bd34a310dcb45e1026d25ce6cb24fe547ef01584196bc300903720e4,1483
dev/tests/integration/testsuite/Magento/PurchaseOrder/Controller/PurchaseOrder/PlaceOrder/PlaceOrderActionAsOtherCompanyAdminTest.php,bde17d05a232b2d1db977adc9088109ba590244ec08c8bea112595376258921b,1553
dev/tests/integration/testsuite/Magento/PurchaseOrder/Controller/PurchaseOrder/PlaceOrder/PlaceOrderActionGetRequestTest.php,52de3d25a3b03ae57995d7abfbceb50cc6fafe142fe7813e6c86a589b2d79424,933
dev/tests/integration/testsuite/Magento/PurchaseOrder/Controller/PurchaseOrder/PlaceOrder/PlaceOrderActionNonexistingPurchaseOrderTest.php,080302c7a8f8b16b7009807e225aef32a483bd902908cca0d9db95212fc8ae66,1226
dev/tests/integration/testsuite/Magento/PurchaseOrder/Controller/PurchaseOrder/PlaceOrder/PlaceOrderAsCompanyAdminNonConvertablePurchaseOrderTest.php,bf1ef91a9b7b14b62ebc5a3534274bda82d4974e864d9cc21d12ab74df6fdd17,2351
dev/tests/integration/testsuite/Magento/PurchaseOrder/Controller/PurchaseOrder/PlaceOrderAbstract.php,7c412fab25382a37c2af9f18e95372fec8ae97308c308b644759d248fad1853d,1099
dev/tests/integration/testsuite/Magento/PurchaseOrder/Controller/PurchaseOrder/PlaceOrderApprovedPurchase/PlaceOrderActionAsCompanyAdminApprovedPOWithPaymentOnAccountAllowedToExceedCreditLimitTest.php,ac41364b2b5049f39e23c26ff6046ca820476931fa21c94152a91259fc8507ee,4158
dev/tests/integration/testsuite/Magento/PurchaseOrder/Controller/PurchaseOrder/PlaceOrderApprovedPurchase/PlaceOrderActionAsCompanyAdminApprovedPOWithPaymentOnAccountNotAllowedToExceedCreditLimitTest.php,c7ea1e676ca116263c398617438ffb26181ffe48746dde5df14243a35d0bbed6,2833
dev/tests/integration/testsuite/Magento/PurchaseOrder/Controller/PurchaseOrder/PlaceOrderApprovedPurchase/PlaceOrderActionAsCompanyAdminApprovedPurchaseOrderTest.php,92263db57f4d6530a6fa6425f891f0e8910a8f54a89b45331c7b6d373363ce03,3420
dev/tests/integration/testsuite/Magento/PurchaseOrder/Controller/PurchaseOrder/PlaceOrderApprovedPurchase/PlaceOrderActionAsCompanyAdminApprovedPurchaseOrderWithChangingShippingRateTest.php,da2fc1285c12421cb5acab5cd5077034a00a39a0c545e8195da0d338b4476947,3900
dev/tests/integration/testsuite/Magento/PurchaseOrder/Controller/PurchaseOrder/PlaceOrderApprovedPurchase/PlaceOrderActionAsCompanyAdminApprovedPurchaseOrderWithDisableShippingMethodTest.php,3dbafb4d274064b51620f16278ba6d3cd6324a948b787171bc54f1c90e42600a,3905
dev/tests/integration/testsuite/Magento/PurchaseOrder/Controller/PurchaseOrder/PlaceOrderApprovedPurchase/PlaceOrderActionAsCompanyAdminApprovedPurchaseOrderWithShippingChangingHandlingFeeTest.php,374083383e859043f7c50f3a25d7c559db6917951f1fb4ddb8f5de3712feb6f4,4007
dev/tests/integration/testsuite/Magento/PurchaseOrder/Controller/PurchaseOrder/PlaceOrderApprovedPurchase/PlaceOrderActionAsCompanyAdminApprovedPurchaseOrderWithStoreCreditTest.php,8018a04a8f31c5776affd6d11f7314955d74adf8fa9b2daf6003e9f234fd3cec,2522
dev/tests/integration/testsuite/Magento/PurchaseOrder/Controller/PurchaseOrder/PlaceOrderApprovedPurchaseAbstract.php,9d3cafaa56eddeb980ffb63a18c93defdc0c88516271a75d382cd9bf03049d2d,1445
dev/tests/integration/testsuite/Magento/PurchaseOrder/Controller/PurchaseOrder/PlaceOrderRule/PlaceOrderActionAsCompanyAdminApprovedPOWithCartPriceRuleCouponDiscountAfterRuleDisableTest.php,bc55b991619300dd5cc7f97d3ea6e607c90d6625f0fb7ba0ef38a3518f7142c2,4030
dev/tests/integration/testsuite/Magento/PurchaseOrder/Controller/PurchaseOrder/PlaceOrderRule/PlaceOrderActionAsCompanyAdminApprovedPurchaseOrderOrderWithCartPriceRuleCouponRemoveTest.php,dd1687ae7ee14571998b3d139cc45e6344306cf4368b7ddbbc08e2ce7d0152a4,3989
dev/tests/integration/testsuite/Magento/PurchaseOrder/Controller/PurchaseOrder/PlaceOrderRule/PlaceOrderActionAsCompanyAdminApprovedPurchaseOrderWithCartPriceRuleCouponChangeTest.php,7aa620d352b75173802e89a17b7cc0a10408a5300a95ff0fc888f70d5750d323,4018
dev/tests/integration/testsuite/Magento/PurchaseOrder/Controller/PurchaseOrder/PlaceOrderRule/PlaceOrderActionAsCompanyAdminApprovedPurchaseOrderWithCartPriceRuleCouponTest.php,8e0ced113bcb59fdbbf47778019454c8e4b4a20586e8ff158b097f28b6b03c8a,3901
dev/tests/integration/testsuite/Magento/PurchaseOrder/Controller/PurchaseOrder/PlaceOrderRule/PlaceOrderActionAsCompanyAdminApprovedPurchaseOrderWithCartPriceRuleNoCouponChangeTest.php,973f2a5d76dcae66c0d28dd17fd755c5fe973988d23199869990323e6b240b49,4042
dev/tests/integration/testsuite/Magento/PurchaseOrder/Controller/PurchaseOrder/PlaceOrderRule/PlaceOrderActionAsCompanyAdminApprovedPurchaseOrderWithCartPriceRuleNoCouponDisableTest.php,9998ff6bb942219e4bf1adbae0aab9a05e5b8dc21a8923abd55ed017bd99348f,4038
dev/tests/integration/testsuite/Magento/PurchaseOrder/Controller/PurchaseOrder/PlaceOrderRule/PlaceOrderActionAsCompanyAdminApprovedPurchaseOrderWithCatalogPriceRuleChangeRateTest.php,1f3c4ad0133034af27082b9faf629e0a9b0d0bfcdea3c802a158320d963793bb,4385
dev/tests/integration/testsuite/Magento/PurchaseOrder/Controller/PurchaseOrder/PlaceOrderRule/PlaceOrderActionAsCompanyAdminApprovedPurchaseOrderWithCatalogPriceRuleDisableTest.php,292e4b720c1a54ea578048a0afc4bed9d73d0295154352fcd2238ae8a21215a0,4372
dev/tests/integration/testsuite/Magento/PurchaseOrder/Controller/PurchaseOrder/PlaceOrderRule/PlaceOrderActionAsCompanyAdminApprovedPurchaseOrderWithCatalogPriceRuleRemoveTest.php,7dc045ef5221bea08e38993c6033f6b1dd3200e8959c3a698a69f92bc7754dcb,4391
dev/tests/integration/testsuite/Magento/PurchaseOrder/Controller/PurchaseOrder/PlaceOrderRule/PlaceOrderActionAsCompanyAdminApprovedPurchaseOrderWithCatalogPriceRuleTest.php,a929d8d48f9b0fed857269bfa2ef68cfb6671b553c9973beb7e3bdd5cf0d06f0,3714
dev/tests/integration/testsuite/Magento/PurchaseOrder/Controller/PurchaseOrder/PlaceOrderRuleAbstract.php,c39eed6549d185c723a5e3ae49db60d25b97adcc4b01a2ed8d10bfa89a8ea12d,1292
dev/tests/integration/testsuite/Magento/PurchaseOrder/Controller/PurchaseOrder/PlaceOrderTaxTest.php,6f66a22fb1eec05eaf26acb2260db184ff6cd186da328020d04cc243815f7ace,11539
dev/tests/integration/testsuite/Magento/PurchaseOrder/Controller/PurchaseOrder/PurchaseOrderAbstract.php,d4bb8493d67ee8d0cc94f0a40ed75c964d1754838054bf553ad729469d8359aa,4999
dev/tests/integration/testsuite/Magento/PurchaseOrder/Controller/PurchaseOrder/RejectAsCompanyUserTest.php,6711607254ea22ee73a7821de3ad7d6a3e88597ab3d56b4ab10bf19ee61f68d8,5435
dev/tests/integration/testsuite/Magento/PurchaseOrder/Controller/PurchaseOrder/RejectTest.php,0b70e0ab2a04f72e5cac3cac40428116884259319c1a9f566888c61f85c128ba,15858
dev/tests/integration/testsuite/Magento/PurchaseOrder/Controller/PurchaseOrder/RejectUnrejectablePurchaseOrderTest.php,c909c334ef08c9cc25a429e088b98e1ae74f1c4186381b56db9b15288e1ec49d,3284
dev/tests/integration/testsuite/Magento/PurchaseOrder/Controller/PurchaseOrder/SuccessTest.php,bfa955bb784f4a5c81e3e5e3fb1ab98478ba3a909b523ad17ac2445e8f613b87,4370
dev/tests/integration/testsuite/Magento/PurchaseOrder/Controller/PurchaseOrder/ViewTest.php,c7d6b78b5e4762cc0637aadd7ebacd00955ed355bd4b9739392bd1ea847f19aa,36975
dev/tests/integration/testsuite/Magento/PurchaseOrder/Model/ConfigTest.php,6c3d3f65aef8a295ad395fe54fe59413599a39de4ba8490e746ee65350e10b1d,13818
dev/tests/integration/testsuite/Magento/PurchaseOrder/Model/Notification/NotificationTest.php,81e88c8de76aba638ca5b6428b3b2541672f85d7ac1c1de9200878acbaf23163,64771
dev/tests/integration/testsuite/Magento/PurchaseOrder/Model/Payment/DeferredPaymentStrategyTest.php,740b2ca0a2f67b436ca878b72a306ee9203eb50bb6ab1144fc36bb4e71b88f1e,4635
dev/tests/integration/testsuite/Magento/PurchaseOrder/Model/PurchaseOrderConfigProviderTest.php,072046290909c82c09aebcf39c97bd1131b9ad22d850d0518ad33ffdbd035c18,5323
dev/tests/integration/testsuite/Magento/PurchaseOrder/Model/PurchaseOrderTest.php,08c5e1104b0e945753177fdf177886dfa9b5fac38e0b3af7360c6e4a59f8e034,2753
dev/tests/integration/testsuite/Magento/PurchaseOrder/Model/QueueConsumer/PurchaseOrderToOrderConsumerTest.php,cefbad591390ca2bcf44e585a0f8895b4a09ad087fc103d4c9b0c082a8c5b631,9290
dev/tests/integration/testsuite/Magento/PurchaseOrder/Model/ResourceModel/PurchaseOrder/Grid/CollectionTest.php,68f25b97e8eb3bf1375a31f5a120f73aea2b21d15400c8b381dcf09bf81b7fea,25645
dev/tests/integration/testsuite/Magento/PurchaseOrder/Model/ResourceModel/PurchaseOrderTest.php,05afe874ab9e11d4d30ec2f29adae0842634144a9c546fa724c5891bd88b1980,5713
dev/tests/integration/testsuite/Magento/PurchaseOrder/Observer/ApplyPurchaseOrderSnapshotCurrencyTest.php,898e515a895cd958028aba51d75b9a2e45412ce6fa2158fe35d129224da096ab,7998
dev/tests/integration/testsuite/Magento/PurchaseOrder/Plugin/Checkout/Model/ConfigProviderTest.php,1d1a16a387d7589e1b206386aec53821660ab68490477df8eb145bcd745fb265,8842
dev/tests/integration/testsuite/Magento/PurchaseOrder/Plugin/Company/Model/CompanyRepositoryTest.php,c8ea91cdafbd18929eaa2ec8539e917e9726f84ed57ef2e6a8717146d8d9a38d,3909
dev/tests/integration/testsuite/Magento/PurchaseOrder/Plugin/Quote/Model/QuoteManagementPluginTest.php,c966abc96f63224e950c3d6b70b2ddaf05545d051b78e78efe4a2e3ebb745d8e,10967
dev/tests/integration/testsuite/Magento/PurchaseOrder/Ui/Component/Listing/Column/PriceTest.php,6d64d247987b8c5b31069732bd178f49c50efd1eb899819b1f0ab7be9c58e932,5993
dev/tests/integration/testsuite/Magento/PurchaseOrder/_files/company_with_structure_and_purchase_orders.php,f8920253f38f62bc6f8ce2d5fffff20844029ba595f6d16d83a5ef13a8833314,8389
dev/tests/integration/testsuite/Magento/PurchaseOrder/_files/company_with_structure_and_purchase_orders_rollback.php,f27d698e964dc73af0614534b22aa1564f4c36468832d3a1cca074383318646c,2157
dev/tests/integration/testsuite/Magento/PurchaseOrder/_files/company_with_structure_and_purchase_orders_with_all_statuses.php,cb0d34187661d51722c43725d4529639fb8e459e60702505cee290cf27fb399f,6868
dev/tests/integration/testsuite/Magento/PurchaseOrder/_files/company_with_structure_and_purchase_orders_with_all_statuses_rollback.php,b0bee007a268dedd402fab1277b1bcb461e31864dd0e0ceba3b7b902923b978f,309
dev/tests/integration/testsuite/Magento/PurchaseOrder/_files/company_with_structure_with_purchase_orders_and_online_payment_method_used.php,a3c07a3fd8568c6a3c2178e267083db11f36d884c10ca12181f1877d3ffd91bf,5787
dev/tests/integration/testsuite/Magento/PurchaseOrder/_files/purchase_order_using_negotiable_quote.php,4d13de14b9a73ce5dfeef98cd850edbaaf98680b43eb3128c2a667e79d917e55,2173
dev/tests/integration/testsuite/Magento/PurchaseOrder/_files/purchase_order_with_different_currency.php,8bca11aa9c23720a20d83c61940f2710abe330bb4d2056615088465114986396,4838
dev/tests/integration/testsuite/Magento/PurchaseOrder/_files/purchase_orders.php,4dc46c5722c524b94f48f305efe0ab08870c60237c4fe82338cd004721700f3c,4427
dev/tests/integration/testsuite/Magento/PurchaseOrder/_files/purchase_orders_rollback.php,389443ee786390c556d7ac82b0bee86ee79c3ccfa834ebef05a2ca3ace4edf06,418
dev/tests/integration/testsuite/Magento/PurchaseOrder/_files/purchase_orders_with_address_tax.php,3f98770fe23c32cd98f934b237ddf76c3d0f00af4fc27a39ed63f3e8b59864f9,6196
dev/tests/integration/testsuite/Magento/PurchaseOrder/_files/purchase_orders_with_address_tax_rollback.php,804b5a7b93929e8dcedf23e3ea981d3929c0437c1727a3e7c8089d8cfb8a0769,2735
dev/tests/integration/testsuite/Magento/PurchaseOrder/_files/purchase_orders_with_bundle_products.php,fb7690f57d940bd51d2fd4b74b2cb26f363f23c47a12db7111efcbaf351ce348,3849
dev/tests/integration/testsuite/Magento/PurchaseOrder/_files/purchase_orders_with_catalogrule.php,a762b1dab356490f26fbc9338734f8e415da8f0c1455bda8fd67d7ac0a0aa92c,6896
dev/tests/integration/testsuite/Magento/PurchaseOrder/_files/purchase_orders_with_catalogrule_rollback.php,5df66077e919b98ee9911f57b2e61e60a599283bb041a9c01ae394ddf951c355,2064
dev/tests/integration/testsuite/Magento/PurchaseOrder/_files/purchase_orders_with_company_credit.php,8328c19aeeccac018ce92f57928668b29a03dfcaacddb3b6403c4f3e77231fe4,5163
dev/tests/integration/testsuite/Magento/PurchaseOrder/_files/purchase_orders_with_company_credit_with_credit_limit.php,9ccbca1a29244fad3908194a67cc2c0dcc854a0597bcad32dffa8f03b6b9324a,5162
dev/tests/integration/testsuite/Magento/PurchaseOrder/_files/purchase_orders_with_coupon_applied.php,b06ea8f30db5ae8031a955794d6b4d435f2e6ecdc143816d37bf30b48ffa7076,4910
dev/tests/integration/testsuite/Magento/PurchaseOrder/_files/purchase_orders_with_customer_balance.php,66fece8ac0784138dc59063cc39f8e6e80ec5e295a20ea8b46a3622dcff794c0,5178
dev/tests/integration/testsuite/Magento/PurchaseOrder/_files/purchase_orders_with_customer_balance_and_gift_card.php,ae008e7f9d77f5e06bb4b3715b1e28ebc1c80f47c41a95781c3cbd40fc4a0809,4915
dev/tests/integration/testsuite/Magento/PurchaseOrder/_files/purchase_orders_with_customer_balance_and_gift_card_rollback.php,6df3f538b1c227e88e94f220e2a9c2de7534632758e0a3b6689a0c17e7c32baa,515
dev/tests/integration/testsuite/Magento/PurchaseOrder/_files/purchase_orders_with_customer_balance_rollback.php,6750cde9880176e20f544dcc0afe9abe0da4a58028f69ab8174badc2e61a6624,399
dev/tests/integration/testsuite/Magento/PurchaseOrder/_files/purchase_orders_with_giftcard_products.php,586346325d39aa4083822bd2ffe5a26b0b9ae02f737d3bebda631d64933ffc6d,3410
dev/tests/integration/testsuite/Magento/PurchaseOrder/_files/purchase_orders_with_reward_points.php,24cf98d2df7585a1ae3cbefd018d9fb2e805f9a8f38b07c46701500ff94b1f07,3859
dev/tests/integration/testsuite/Magento/PurchaseOrder/_files/purchase_orders_with_reward_points_rollback.php,91a143b71a580b74ff5d51bd82bcfde8153001658437516ff1aec4131e028e7c,386
dev/tests/integration/testsuite/Magento/PurchaseOrder/_files/purchase_orders_with_salesrule_without_coupon_applied.php,bc1b4bc1267a397fcfcdc1a3c366492744f0de7cc0dd21d79f47d2a91ca1ae5c,6698
dev/tests/integration/testsuite/Magento/PurchaseOrder/_files/purchase_orders_with_shipping_method.php,b1b20fbc8d48fda6e55ebbb6d864b630f63aaf20783a45dcb0ebba7150b9c5ce,4625
dev/tests/integration/testsuite/Magento/PurchaseOrder/_files/purchase_orders_with_tax.php,2be5014a09d5c468636d5cc77f29ab78174da5e89b9d80993fd62652822dc373,5752
dev/tests/integration/testsuite/Magento/PurchaseOrder/_files/purchase_orders_with_two_simple_products.php,7f326f76408004c67b80177fe42195cf1ed7b734db28f2de3cc6354a0f08c377,4386
dev/tests/integration/testsuite/Magento/PurchaseOrder/_files/quote_with_address_tax.php,08c8b40dc458e6288e5e954160977b7894e8be5e0a3bc5c58991d28ac690879c,5524
dev/tests/integration/testsuite/Magento/PurchaseOrder/_files/quote_with_address_tax_rollback.php,e4442031999ed6aba3b0dfccc093d812334722c17aa58e2a8b0f81f33eda2c46,1587
dev/tests/integration/testsuite/Magento/PurchaseOrder/_files/unapprovable_and_approvable_purchase_orders.php,ecf368d7f98386d0e36ec9b72e7d0ca749918d2444027022179a884196239bfe,6547
dev/tests/integration/testsuite/Magento/PurchaseOrderRule/Block/PurchaseOrder/Approval/CounterTest.php,0f58d168d03c15b79c78770428348d173352f4d1b56dce81645037ea1cfc13dc,5256
dev/tests/integration/testsuite/Magento/PurchaseOrderRule/Controller/Create/SaveTest.php,8b5c678288a3186379121b34d8c31c7844e9cec64165511bc7ac3c3775a7617e,35339
dev/tests/integration/testsuite/Magento/PurchaseOrderRule/Controller/Create/ValidateTest.php,e2fcfdafd6c0b183b71ab41b2ba225618f84c6c4e8b91c96ad307a8e3c421e2b,7680
dev/tests/integration/testsuite/Magento/PurchaseOrderRule/Controller/Delete/IndexTest.php,587c67328485879b1ac40a02beb47695adcbe75005b36175cb4b73120c9cfb6b,6691
dev/tests/integration/testsuite/Magento/PurchaseOrderRule/Controller/PurchaseOrder/ApproveTest.php,3ed5f26877a55e266cc38f31765b78cb4e45b1083c3dabe173bce4bb77084afc,21378
dev/tests/integration/testsuite/Magento/PurchaseOrderRule/Controller/PurchaseOrder/RejectTest.php,cf5fa7d11ba185685a890241ce9b76794fdb3d81957f74a7d0ba418dabe609fe,9914
dev/tests/integration/testsuite/Magento/PurchaseOrderRule/Controller/PurchaseOrder/ValidateTest.php,02663dc0601877837bf2eac6f0554b4e8ffad5c3422dd8f62ce7382d36fdd2be,12668
dev/tests/integration/testsuite/Magento/PurchaseOrderRule/Controller/PurchaseOrder/ViewTest.php,2268cb8b0b0b3e151371ba331ec76852bda173139e9e852b31684a4b74d7a1ad,8513
dev/tests/integration/testsuite/Magento/PurchaseOrderRule/Model/Notification/NotificationTest.php,2435cfdcd9625546ab98f529adb9f326fd58b1e960f4d13767f60a52ea5ec0f2,20135
dev/tests/integration/testsuite/Magento/PurchaseOrderRule/Model/PurchaseOrderPaymentInformationManagementTest.php,3e30a773e2ff5ac6bfd00adcd276696ee92d210b161dd0d9a38f3ab7f6ad5405,6421
dev/tests/integration/testsuite/Magento/PurchaseOrderRule/Model/QueueConsumer/ValidatePurchaseOrderTest.php,a042e20ccc9ff933095d6a3ad7b7ac1c0235d6c065bddcd11a546df8dbcbfbe9,65978
dev/tests/integration/testsuite/Magento/PurchaseOrderRule/Model/ResourceModel/AppliedRuleApproverTest.php,756a98ca4009a74a141a28498ea01169243ff253b8d720ee062a51218471f181,10376
dev/tests/integration/testsuite/Magento/PurchaseOrderRule/Model/Rule/ConditionBuilderTest.php,cfab023edbda6bc80c35fecda519248d315b4b6fc66195fd42dab60965fd6765,3167
dev/tests/integration/testsuite/Magento/PurchaseOrderRule/Model/Rule/DataProviderTest.php,e377a25d192afc5f321140c3d50e9eb10c0d290f42b6ee72b1fb64fc8f5a0835,9213
dev/tests/integration/testsuite/Magento/PurchaseOrderRule/Model/Validator/RuleTest.php,f6f80047c0227fa304378d777e00b724ebdf905b3054890a2e806cc7be48ae43,6045
dev/tests/integration/testsuite/Magento/PurchaseOrderRule/_files/approval_admin_rule.php,18c2f94d3d2a83ace742e3b6cc857f77a3219f96fd9c939da3f6ebb593c3faa8,2528
dev/tests/integration/testsuite/Magento/PurchaseOrderRule/_files/approval_manager_rule.php,7a879e0c6a1e177314a2c944691c64cbd9b9dd9548cd7bea552c1c9d58bb7e8d,2530
dev/tests/integration/testsuite/Magento/PurchaseOrderRule/_files/approval_rule.php,e23ed173f037b8162e0aa6f24e4902aae2f31d34bee066e71be09b2796658258,3120
dev/tests/integration/testsuite/Magento/PurchaseOrderRule/_files/approval_rule_applies_to_creator_role_with_other_rules.php,92c95473464a3efdca30a7d1c8d87d47f9b7241a9f0c391428c7ec79d7024188,4376
dev/tests/integration/testsuite/Magento/PurchaseOrderRule/_files/approval_rule_applies_to_different_role.php,4b010c649702eda8ae6b7cba3e419a0b122734baa1646996acfc090339c0b1aa,3696
dev/tests/integration/testsuite/Magento/PurchaseOrderRule/_files/approval_rule_approver_equal_to_purchase_order_creator.php,26e23fce564f2a6a81dc36e96b38e5b6eb3fc92eee491007b3d44c10faf3d2a2,3263
dev/tests/integration/testsuite/Magento/PurchaseOrderRule/_files/approval_rule_disabled.php,1f6e03471bdf7f870784ec3382c1bf5271e29d7a6fdaa4b846d0497e71ee0cdb,3512
dev/tests/integration/testsuite/Magento/PurchaseOrderRule/_files/approval_rule_duplicate.php,de5e6fa1d6274ac52e757a851ca63e47713e2a26b8cef917457462ec40ada060,2906
dev/tests/integration/testsuite/Magento/PurchaseOrderRule/_files/approval_rule_grand_total_eur_no_match.php,2ef01abba081986114f127c1d3009e80674cdd9486d7ab961f13d08c49efdf9e,2988
dev/tests/integration/testsuite/Magento/PurchaseOrderRule/_files/approval_rule_less_than_20.php,a7722299ad523f471eb3da696446c41d741ad1276d80ec14ca0e3ff7f526e46a,3604
dev/tests/integration/testsuite/Magento/PurchaseOrderRule/_files/approval_rule_less_than_or_equal_10.php,855084540a1ebb93288e01ac283e6b30c508e82f2c2eb27e7aec95b441c20b80,3605
dev/tests/integration/testsuite/Magento/PurchaseOrderRule/_files/approval_rule_missing_currency.php,88d9daf41852b194c87e65ae939ce7bcc5a22a445d77e7a0c0c290a442b059d4,3376
dev/tests/integration/testsuite/Magento/PurchaseOrderRule/_files/approval_rule_more_than_or_equal_10.php,04a5ed364cd1fa9a41545eeb66525b1e96ea7b540c32ddb171bc6cf2b7487f58,3605
dev/tests/integration/testsuite/Magento/PurchaseOrderRule/_files/approval_rule_more_than_or_equal_25.php,e204af60a188594cf7547c6ad23350289edb37e5767f46f58b9b2ffb64cf5e09,3605
dev/tests/integration/testsuite/Magento/PurchaseOrderRule/_files/approval_rule_multiple_rules_applies_to_role_applies_to_all.php,a29990c47013decf421ea3d1a5757efba4345b679e195cd09d78c1be5a9be9a4,4674
dev/tests/integration/testsuite/Magento/PurchaseOrderRule/_files/approval_rule_multiple_rules_applies_to_same_role.php,6c12a127fdadfc08fa19f50593e526bef892b5c271efe88f0c378056dcb33401,4817
dev/tests/integration/testsuite/Magento/PurchaseOrderRule/_files/approval_rule_multiple_rules_applies_to_same_role_with_other_applies_to.php,cb9cc71a6be65ae644e8058cee4f3c4ac30bcc3ffefd442df14962b4c5d6f53a,4866
dev/tests/integration/testsuite/Magento/PurchaseOrderRule/_files/approval_rule_no_match.php,137f9eb82b08cd67b3d5e6c85dfc1e5a71bd507d1f0f6af33c9f02386aa25243,3107
dev/tests/integration/testsuite/Magento/PurchaseOrderRule/_files/approval_rule_number_of_skus_less_then_5.php,fa509d5a614f54bb55fea9e920d3ff8793f322c0d36f6e49c3b196794a485c0d,3648
dev/tests/integration/testsuite/Magento/PurchaseOrderRule/_files/approval_rule_number_of_skus_less_then_or_equal_to_1.php,4b6795b7a570adce087a32219010d8f30d5311740ba7fee2d702bf3c1e550021,3661
dev/tests/integration/testsuite/Magento/PurchaseOrderRule/_files/approval_rule_number_of_skus_more_than_3.php,7964bd1a6821584acdaa2255e68461b42dc5f80eabdb2c0695446dca81099ec4,3648
dev/tests/integration/testsuite/Magento/PurchaseOrderRule/_files/approval_rule_number_of_skus_more_than_or_equal_to_1.php,0d7a4f6ef41a9217a00d71b86cb378a389c85986dcb71256fe6fc4c729f64ced,3661
dev/tests/integration/testsuite/Magento/PurchaseOrderRule/_files/approval_rule_rollback.php,35b2c14b4a3585c36580c52f721b248518e8fe3ca0e9348eb39832befbf8d588,302
dev/tests/integration/testsuite/Magento/PurchaseOrderRule/_files/approval_rule_shipping_cost_less_than_5.php,6ebafde51c2110b109e02b4636970a3c2ca90676e2bc207d9aa334b1d089dbb7,3721
dev/tests/integration/testsuite/Magento/PurchaseOrderRule/_files/approval_rule_shipping_cost_less_than_or_equal_10.php,a93c782b1431d34113069ab49199b1e5e33cab59fd20fc1fd75a33d268b6ee4a,3733
dev/tests/integration/testsuite/Magento/PurchaseOrderRule/_files/approval_rule_shipping_cost_more_than_10_EUR.php,2e2b9115f8a13f41332950ba15d4193d2189dc1faee947724e1a630b2e7fe571,3742
dev/tests/integration/testsuite/Magento/PurchaseOrderRule/_files/approval_rule_shipping_cost_more_than_5.php,ce89e77607be6064b910856fa027a152d639e4f693e84f4c5b82b5e6b44bf0c2,3737
dev/tests/integration/testsuite/Magento/PurchaseOrderRule/_files/approval_rule_shipping_cost_more_than_5_EUR.php,71bf8b432c0828ba0829fc89fcb9a108068508c64335b42c7b9a5a9d82bf8566,3740
dev/tests/integration/testsuite/Magento/PurchaseOrderRule/_files/approval_rule_shipping_cost_more_than_or_equal_10.php,f97363f5d74da74300c6cf53910a3e0ebe4c44c191e6dcdd62b46309454961a7,3741
dev/tests/integration/testsuite/Magento/PurchaseOrderRule/_files/approval_rule_with_multiple_roles.php,400b84dce584f4a3dd0f5c696d6eea6802d63bc99d08564bdf2248bd073b0cf8,3501
dev/tests/integration/testsuite/Magento/PurchaseOrderRule/_files/company_with_purchase_order_admin_approver.php,38112f6d28fae1a9785f46deaf592b640755905a4ef8d22aabe3acefeb195ccc,6440
dev/tests/integration/testsuite/Magento/PurchaseOrderRule/_files/company_with_purchase_order_admin_approver_rollback.php,882ed7cb932ed81ed894c58aa269d14ff866141af3909b79b4eb5e40e1dcef6e,185
dev/tests/integration/testsuite/Magento/PurchaseOrderRule/_files/company_with_purchase_order_by_nested_subordinate_manager_approver.php,eb858070d7f033295db0ac8fc141b7b32998857d6f16002364551d5e88f4ade4,7498
dev/tests/integration/testsuite/Magento/PurchaseOrderRule/_files/company_with_purchase_order_creator_in_approvers_role.php,68ee5f7cbf95c7275b47f9213d01a3037abbc5b96b2f7676833fc76dbe5c6e5b,6343
dev/tests/integration/testsuite/Magento/PurchaseOrderRule/_files/company_with_purchase_order_creator_in_approvers_role_rollback.php,dcfaa4b142bdd7b5109b27e9a83fb7cfbdbea076435a35c2d58b46ff1e809c40,310
dev/tests/integration/testsuite/Magento/PurchaseOrderRule/_files/company_with_purchase_order_manager_and_company_admin_approvers_single_rule.php,b702080959dcaec8ec5f1ce62a24af2bfb5ad21cab0bec02844df48651c931c8,7004
dev/tests/integration/testsuite/Magento/PurchaseOrderRule/_files/company_with_purchase_order_manager_approver_admin_subordinate_creator.php,22c8340208f72b7503b05993bb07243d843f5b3e4e45b5b3b9b658bd6655c0ef,6125
dev/tests/integration/testsuite/Magento/PurchaseOrderRule/_files/company_with_purchase_order_manager_approver_admin_subordinate_creator_rollback.php,882ed7cb932ed81ed894c58aa269d14ff866141af3909b79b4eb5e40e1dcef6e,185
dev/tests/integration/testsuite/Magento/PurchaseOrderRule/_files/company_with_purchase_order_multiple_approvers_multiple_rules.php,cb64414c36dde7a021dc5ccd201a4846672158042415b203a24a6c2c12d62cd8,8890
dev/tests/integration/testsuite/Magento/PurchaseOrderRule/_files/company_with_purchase_order_multiple_approvers_multiple_rules_partially_approved.php,21b696607a14be849017259a5ab9ce1ad5ed9ff4fcf055a4c5cddc1dc521c8a8,9290
dev/tests/integration/testsuite/Magento/PurchaseOrderRule/_files/company_with_purchase_order_multiple_approvers_multiple_rules_rollback.php,d3c3a6b0d8a16bdeadd2648b2d90f66446df61f07ee491c49a4acbd4728a48e0,278
dev/tests/integration/testsuite/Magento/PurchaseOrderRule/_files/company_with_purchase_order_multiple_approvers_roles_single_rule.php,beccb50375273c7c6c48b892ca586d8787d909b08f12fe8854a078272cd14170,7885
dev/tests/integration/testsuite/Magento/PurchaseOrderRule/_files/company_with_purchase_order_multiple_approvers_roles_single_rule_one_manager_approved.php,6b1e3f22e198fae3f750579ae2614808767db43ad3988d2e3688b904cbf499e1,1960
dev/tests/integration/testsuite/Magento/PurchaseOrderRule/_files/company_with_purchase_order_multiple_approvers_roles_single_rule_one_manager_approved_rollback.php,d3c3a6b0d8a16bdeadd2648b2d90f66446df61f07ee491c49a4acbd4728a48e0,278
dev/tests/integration/testsuite/Magento/PurchaseOrderRule/_files/company_with_purchase_order_multiple_approvers_roles_single_rule_rollback.php,d3c3a6b0d8a16bdeadd2648b2d90f66446df61f07ee491c49a4acbd4728a48e0,278
dev/tests/integration/testsuite/Magento/PurchaseOrderRule/_files/company_with_purchase_order_multiple_approvers_single_rule.php,d739f2900b4f8cc916530c1797bade78cd979975b7e731e5bb6b9cc53b8e5565,7632
dev/tests/integration/testsuite/Magento/PurchaseOrderRule/_files/company_with_purchase_order_multiple_approvers_single_rule_rollback.php,d3c3a6b0d8a16bdeadd2648b2d90f66446df61f07ee491c49a4acbd4728a48e0,278
dev/tests/integration/testsuite/Magento/PurchaseOrderRule/_files/company_with_purchase_order_multiple_approvers_super_approver_multiple_rules.php,59f005b3b16f35cef3cc59d236f3b03f7398d84fc7a4ab9a53a4379b1def3e41,8775
dev/tests/integration/testsuite/Magento/PurchaseOrderRule/_files/company_with_purchase_order_multiple_approvers_super_approver_multiple_rules_rollback.php,d3c3a6b0d8a16bdeadd2648b2d90f66446df61f07ee491c49a4acbd4728a48e0,278
dev/tests/integration/testsuite/Magento/PurchaseOrderRule/_files/company_with_purchase_order_multiple_overlapping_approvers.php,25060a4ad9576d96cbe7f28f1f9cf88faad9453dcbf845247f7ba83e0c57401d,7467
dev/tests/integration/testsuite/Magento/PurchaseOrderRule/_files/company_with_purchase_order_multiple_overlapping_approvers_rollback.php,d3c3a6b0d8a16bdeadd2648b2d90f66446df61f07ee491c49a4acbd4728a48e0,278
dev/tests/integration/testsuite/Magento/PurchaseOrderRule/_files/company_with_purchase_order_role_no_user.php,b9c881bf108cb49edc1c5dd95818b4f6c6e408638d941fbdca6ee20df5e93ab7,7472
dev/tests/integration/testsuite/Magento/PurchaseOrderRule/_files/company_with_purchase_order_role_no_user_rollback.php,d3c3a6b0d8a16bdeadd2648b2d90f66446df61f07ee491c49a4acbd4728a48e0,278
dev/tests/integration/testsuite/Magento/PurchaseOrderRule/_files/company_with_purchase_order_single_approver.php,a7ce36eaa66dce9756389b90c2e74c9b7af8039f23f8a326beb9657ad73c3112,7520
dev/tests/integration/testsuite/Magento/PurchaseOrderRule/_files/company_with_purchase_order_single_approver_rollback.php,d3c3a6b0d8a16bdeadd2648b2d90f66446df61f07ee491c49a4acbd4728a48e0,278
dev/tests/integration/testsuite/Magento/PurchaseOrderRule/_files/company_with_purchase_order_single_manager_approver.php,44e106df1edefea4a17c3192e7d3b70b5cc61404d2d6ef59f9342cbe1f65f5f1,6709
dev/tests/integration/testsuite/Magento/PurchaseOrderRule/_files/company_with_purchase_order_single_manager_approver_rollback.php,d3c3a6b0d8a16bdeadd2648b2d90f66446df61f07ee491c49a4acbd4728a48e0,278
dev/tests/integration/testsuite/Magento/PurchaseOrderRule/_files/company_with_purchase_order_with_0_shipping_cost.php,cce552298b01a71d2f6f9b503c69118a8f494ce22594a3440ab87489b232ab40,5497
dev/tests/integration/testsuite/Magento/PurchaseOrderRule/_files/company_with_purchase_order_with_10_shipping_cost.php,3544640dd037c20b308ed3e1a6a7364b2139b102888b18b4f570ebb88bcd2b22,5498
dev/tests/integration/testsuite/Magento/PurchaseOrderRule/_files/company_with_several_purchase_order_admin_approver.php,f1e4317271ad01079b8df3ddc6d6fb7e5a118f78dec1aac39d711e068e0ad777,8005
dev/tests/integration/testsuite/Magento/PurchaseOrderRule/_files/company_with_several_purchase_order_admin_approver_rollback.php,d3c3a6b0d8a16bdeadd2648b2d90f66446df61f07ee491c49a4acbd4728a48e0,278
dev/tests/integration/testsuite/Magento/PurchaseOrderRule/_files/multiple_approval_rules_with_multiple_users.php,a86557a4a9b738e04375b8b9fa41e85118c240cb27019578dc8fabc6fcd207cc,6242
dev/tests/integration/testsuite/Magento/PurchaseOrderRule/_files/purchase_order_with_different_product_types.php,0d667f225989c89c8ff07e51863ea5384c7cc7cc46070949553ee20007e077ab,8219
dev/tests/integration/testsuite/Magento/PurchaseOrderRule/_files/purchase_order_with_different_product_types_rollback.php,1a0fa4918d5c5f2625837280e82bfaf1019a5a2de54ed275a76aa7914d6e6d4f,1107
dev/tests/integration/testsuite/Magento/PurchaseOrderRule/_files/purchase_order_with_virtual_quote.php,8917681947b773b9d0e96451e168c995112b8a239803170850e0a9e134c7cd70,6670
dev/tests/integration/testsuite/Magento/PurchaseOrderRule/_files/purchase_order_with_virtual_quote_rollback.php,e0aeaca71abdaa82dbf600ca808ac5f24cf7285c85bf24b47f4b713f488f5fd9,1017
dev/tests/integration/testsuite/Magento/PurchaseOrderRule/_files/rules_for_sorting.php,13695e976a224fd8229d7f12df9c30b9ee7c04d5b112d6eafc2440bbc9da7633,7515
dev/tests/integration/testsuite/Magento/PurchaseOrderRule/_files/simple_approval_rule.php,1fcabcf230ed2d9b16f0abcbad642fbdf21944352bf765194d18f150ee5c0ad9,3399
dev/tests/integration/testsuite/Magento/QuickOrder/Model/CatalogPermissions/PermissionsTest.php,0d2b87f6a7ea70daf043adb9db305510f151635f486a42daff0dfe22ebf2be7f,2660
dev/tests/integration/testsuite/Magento/QuickOrder/Plugin/AdvancedCheckout/CartPluginTest.php,c8341fcc974128144daeaeb11ba36a7281ce5ec403d07e35ad2c329b23eeeae1,21052
dev/tests/integration/testsuite/Magento/RequisitionList/Api/RequisitionListRepositoryInterfaceTest.php,b003e09c5d10ddfcf099db08645b8dcd680de713de47d16575dc3db285763dbd,3063
dev/tests/integration/testsuite/Magento/RequisitionList/Block/Cart/Item/Renderer/Actions/AddToRequisitionTest.php,c42b6eaf7cdec4cc3339b4a2bcd83aa01c7c6f85bbd4f01aabe8f8e591cc0702,5935
dev/tests/integration/testsuite/Magento/RequisitionList/Block/Catalog/Product/ProductList/Item/AddTo/RequisitionTest.php,6f6f62aa95970287c686e2c09873431c38fd2577943fefaa423d827462288e85,1998
dev/tests/integration/testsuite/Magento/RequisitionList/Block/Checkout/Cart/Addto/RequisitionTest.php,28c15b1b5c1c056ee22151e15c9f8d1a871a9456a8d50575f42eadedff4c7ce6,5395
dev/tests/integration/testsuite/Magento/RequisitionList/Block/Checkout/Cart/Addto/RequisitionWithInventoryCheckDisabledTest.php,d6952b09cd681615a2e2bb9e0494193474ddf4e0552b24034a17b2839240d5b4,5376
dev/tests/integration/testsuite/Magento/RequisitionList/Controller/Adminhtml/System/ConfigTest.php,3a93a76b9e28422d9aa94b1d1e0db3454da0884cc6fca473a32c7dd12359a644,1802
dev/tests/integration/testsuite/Magento/RequisitionList/Controller/Item/AddToCartTest.php,dbd35fec323b6ae63fcc99163e46eb432d0ec3012bd07cd7118bcaac3ef24a5a,3959
dev/tests/integration/testsuite/Magento/RequisitionList/Controller/Item/ConfigureTest.php,230e7614e3fef24edfad8d44bdf5ef6ab01106dfe2f63aa173fecaed78dae64b,4632
dev/tests/integration/testsuite/Magento/RequisitionList/Controller/Items/AddTest.php,6157e57442b3439349b78748289e4dac55cabc326d806850fb2037fce3c079ea,9200
dev/tests/integration/testsuite/Magento/RequisitionList/Controller/Requisition/ExportTest.php,8d8e9f8883780357ead5878b7664152b6c8230740732c98431b58a44ebd1af0d,6330
dev/tests/integration/testsuite/Magento/RequisitionList/Model/RequisitionList/ItemsTest.php,08c8f3360a815ad77c1599010f2bdaddecdf1eb680682dd2b7a95c4f1ec2cb79,3035
dev/tests/integration/testsuite/Magento/RequisitionList/Model/RequisitionListItem/OrderItem/ConverterTest.php,4eb883c6985e8e8b4cd0e91dbb1571bdf4d0a4c54bccbf3a5678e9e7a624cec8,3351
dev/tests/integration/testsuite/Magento/RequisitionList/Model/RequisitionListItem/SaveHandlerTest.php,2178e3445e54af7b5c791f37e6cb6a4a690af2ef3381dafe87e82a3c19b7b805,10885
dev/tests/integration/testsuite/Magento/RequisitionList/Model/RequisitionListItem/Validator/StockTest.php,65b6d7056033c7cddc6f3228d29be2bf06274e67bb778df7d825381f81f96305,2245
dev/tests/integration/testsuite/Magento/RequisitionList/_files/customer_for_requisition_list.php,7a2b551544a2bd5e105345ad146bb841e56d9fd3d76d903ffe5fab9fb0cc3079,2160
dev/tests/integration/testsuite/Magento/RequisitionList/_files/customer_for_requisition_list_rollback.php,6b4dea889efab11d8776f2e094a44be1faf6ec4cbcef09f40616764c353802bd,939
dev/tests/integration/testsuite/Magento/RequisitionList/_files/list.php,b61cb17304c378d46be77a2a51bb43cc2c20435ff503e28c91dc9e5b4dc626a7,419
dev/tests/integration/testsuite/Magento/RequisitionList/_files/list_item_for_product_custom_option_file.php,268fda78b7e2e142b270023926adbb3cbc7a340422f884a498411f51b75dd0f5,2326
dev/tests/integration/testsuite/Magento/RequisitionList/_files/list_item_for_product_custom_option_file_rollback.php,3640c1e34ac6426522e880371a01cbb83fdc9abde9ca5ee900b97a447ea9e87f,324
dev/tests/integration/testsuite/Magento/RequisitionList/_files/list_items_for_list_two.php,9bcd334cbddfe5e68639f9e2e96a8d58eb6708c185753bf67ee6db1cc073a58c,1197
dev/tests/integration/testsuite/Magento/RequisitionList/_files/list_items_for_search.php,f45f614f6e49fe71fb9af90a06dbf95f1eaa6f02da7e58ca38624118c6cf6020,1496
dev/tests/integration/testsuite/Magento/RequisitionList/_files/list_items_v2_for_list_two.php,7565f85aae4f1a3646a670ec52fb5594427dbc045d475740e2f524bb41528b5f,1762
dev/tests/integration/testsuite/Magento/RequisitionList/_files/list_items_v2_for_list_two_rollback.php,7e33a9973893d0d16542ff3924b18060e414603ba00072f7fb630ee05f5d0e5d,1993
dev/tests/integration/testsuite/Magento/RequisitionList/_files/list_two.csv,a10c808f7872496bd9bb66d2802613fa878f9254906e26d4cc4e8872405bd1ee,58
dev/tests/integration/testsuite/Magento/RequisitionList/_files/list_two.php,d136f30627cb73e45ef25bd055ab0ebf04ea32c689d6497e4e4f86fd8549d4ec,2621
dev/tests/integration/testsuite/Magento/RequisitionList/_files/list_two_rollback.php,f6ef9b51553629f2697a94a8a9915121d0b9dbc5347de7806042dc03fed2453a,1618
dev/tests/integration/testsuite/Magento/RequisitionList/_files/list_with_id.php,4b09ffa0dfc0de6452e0e911c8d6174127757ecfe9f2d37e862a12e2b9c4d2f7,914
dev/tests/integration/testsuite/Magento/RequisitionList/_files/list_with_id_rollback.php,1f858c490e6a3535d9c225ba60ea5a4df83661c573c5f5d3da8b249776c9b079,1406
dev/tests/integration/testsuite/Magento/RequisitionList/_files/list_with_id_two.php,78c2a246f74cc2df35232a1d0e00f97fa8ac02d86e54862a46e30b5890a069c5,922
dev/tests/integration/testsuite/Magento/RequisitionList/_files/list_with_id_two_rollback.php,a1a633a5c1d097c209c771d7c405d69935bb415a7b06c1a6f2e1790c116f5d5b,1410
dev/tests/integration/testsuite/Magento/RequisitionList/_files/lists_for_search.php,f4d8cc42c53f5f522a2aac4f091936dfb00f891dddf9127dad24ce33555f5675,1066
dev/tests/integration/testsuite/Magento/RequisitionList/_files/products.php,9bd079dc6d2004f590ca52786b4afb1dedf70e127fa49d020914d4d94b3f3695,3034
dev/tests/integration/testsuite/Magento/RequisitionList/_files/products_rollback.php,3842495dab9bc73103a466bfe68590e95b2f67c7ea929843f5811929c6415f4e,874
dev/tests/integration/testsuite/Magento/RequisitionList/_files/requisition_lists.php,55cbe56b22778d93770f7f77be8a504a31373df043407a499b9073ba6e8614ef,2027
dev/tests/integration/testsuite/Magento/Setup/Console/Command/_files/edition,61c39a5983bb97c968ba309d8985f5846d6241710c245702a497bc8beb9ba458,4
dev/tests/integration/testsuite/Magento/Setup/Fixtures/B2BFixtureModelTest.php,be1a66b9675894878cc6665b5493210270f82b9a170607625edf4adc60080129,3902
dev/tests/integration/testsuite/Magento/Setup/Fixtures/FixturesAsserts/NegotiableQuotesAssert.php,a85311f4c094773a0b00d27f86b069e1343a5f9cdc3c2f8caca8b3a30971b9e8,1645
dev/tests/integration/testsuite/Magento/Setup/Fixtures/FixturesAsserts/SharedCatalogAssert.php,2b0bcaade047e9159df7d4fe830155751c659bda4bf93dcbb1155fc91dcc642d,1577
dev/tests/integration/testsuite/Magento/Setup/Fixtures/_files/b2b_small.xml,1ec2d4118948dbe2986a1bf005d4cfaa76b34df34f45b72b80571e7a6085cd85,859
dev/tests/integration/testsuite/Magento/SharedCatalog/Api/CategoryManagementInterfaceTest.php,64d466258810cac9180015a2843dd1427728689a005c597c2b248e7972989a3d,2576
dev/tests/integration/testsuite/Magento/SharedCatalog/Api/PriceManagementInterfaceTest.php,00f88f461bae8bfab561fd0729fba2adcfa09a3f9eacd2a615b9921949878552,4789
dev/tests/integration/testsuite/Magento/SharedCatalog/Api/ProductItemRepositoryInterfaceTest.php,4893c4153037ba52ba1ac8c1bdd1b7c6e49a585fa34efa66baeb2ea3f19ce7e8,2934
dev/tests/integration/testsuite/Magento/SharedCatalog/Api/SharedCatalogRepositoryInterfaceTest.php,add4ee1dd60c5357f43ccd1afbcf2a96cc63fb3cb9c8b3033c50f7fb89279fc7,19341
dev/tests/integration/testsuite/Magento/SharedCatalog/Block/Adminhtml/System/Config/WebsiteRestriction/IsActiveTest.php,285188f6cb80f8c98e0c388abf964f58b5a242aa58e74e3a505e475555838ae7,813
dev/tests/integration/testsuite/Magento/SharedCatalog/Controller/Adminhtml/SharedCatalog/DeleteTest.php,008b201bccd204c0c064b2091cdb97897726df514dc060bfc743679514900716,2403
dev/tests/integration/testsuite/Magento/SharedCatalog/Model/CatalogPermissionManagementTest.php,bf578b34603a1d94b0f4ee793a9ce8deb56a161c2e233be6cc627209b1b565d7,10239
dev/tests/integration/testsuite/Magento/SharedCatalog/Model/ConfigTest.php,d62f95a2224a3c6d591f77de5d40fc960168297dede9e9925173cb459d2a711f,3377
dev/tests/integration/testsuite/Magento/SharedCatalog/Model/DeleteChildCategoryPermissionsTest.php,b545165aeb79b12f29e665fbdada079adc7ee60f6756d784145450ef6901d5f7,3072
dev/tests/integration/testsuite/Magento/SharedCatalog/Model/DenyPermissionsForNewCategoryTest.php,cb2abcab8da30a170a37bae7f5d0c43eccd470d9fc2f895cb4bd7bab9fc5b322,3074
dev/tests/integration/testsuite/Magento/SharedCatalog/Model/LoggingTest.php,d748658ce3f9f1e9a5e5cc50c68b7662fad0907a83987f37807b63ef097cf7f3,13482
dev/tests/integration/testsuite/Magento/SharedCatalog/Model/Permissions/SynchronizerTest.php,133118d5976736423f8b75649e789ed8b1ad2cce47fc3d65a1593bd1bccbcfc2,10060
dev/tests/integration/testsuite/Magento/SharedCatalog/Model/Price/TierPriceFetcherTest.php,8c85d4bc0ce2aeb59f267f3728070ddb0b53e402b7ba00937dc4849cc457c452,2021
dev/tests/integration/testsuite/Magento/SharedCatalog/Model/ProductCollectionTest.php,215c49a3c36e711e11d985e9961252d2e5c91bc00a91f4baa1fc274b43bba655,4524
dev/tests/integration/testsuite/Magento/SharedCatalog/Model/ProductManagementTest.php,60b0ad461fad24edbb15373cde0bc4a8a6ef000a8275dbad8ec5d289a82e429b,7794
dev/tests/integration/testsuite/Magento/SharedCatalog/Model/ResourceModel/CategoryTreeTest.php,a06cc610593415d3350c20ac57e58685fdc934c11d5f9029f58dd097836bc377,1725
dev/tests/integration/testsuite/Magento/SharedCatalog/Model/ResourceModel/ProductItem/Price/ConsumerTest.php,c0c291fcb9fb136e66260c936c1a4ce784993f1345eca08d82420dbed21dab96,3124
dev/tests/integration/testsuite/Magento/SharedCatalog/Model/SearchAdapter/Aggregation/Builder/DataProviderTest.php,23fca22919aeb89e834c3a34ed2c8df3b57c3f5348a22f203fa79a483ba58cfe,4275
dev/tests/integration/testsuite/Magento/SharedCatalog/Model/SharedCatalogProductsLoaderTest.php,6ce56293646877ff77d6311a66fa254b4ade108ea674f55454597f6fb002065a,2547
dev/tests/integration/testsuite/Magento/SharedCatalog/Plugin/AdvancedCheckout/Block/RenderConfigureButtonTest.php,19e6471c2622e5535c832ac138800e697a4e1e9b3a548600e975e32e2b5dac1a,4363
dev/tests/integration/testsuite/Magento/SharedCatalog/Plugin/Catalog/Model/ResourceModel/Product/Indexer/BaseFinalPricePluginTest.php,5488d022ea33b05a71169e5c141171818943474d54a7e9b2f396fda6ef2e4708,6708
dev/tests/integration/testsuite/Magento/SharedCatalog/Plugin/CatalogPermissions/Block/Adminhtml/Catalog/Category/Tab/Permissions/RowPluginTest.php,82143231334e742bfccf44354b974bc4900dd37fb8f3dce9378b2b107e56fa23,4615
dev/tests/integration/testsuite/Magento/SharedCatalog/Plugin/Customer/Model/SessionPluginTest.php,a2fb4362cc8f68046fa78a99ac1031202f70a0e4d0fb7df2140bb805a8022080,5111
dev/tests/integration/testsuite/Magento/SharedCatalog/Ui/DataProvider/Modifier/Product/Listing/SharedCatalogTest.php,7cfb29beddd8d3091e7d95587aaf3a924a44390a9a37180fc58128fe2d7b21d0,2745
dev/tests/integration/testsuite/Magento/SharedCatalog/_files/assigned_companies.php,3c436ceb3c4708b4dc330a652e519d7a9f8bab112b80490d5b3de156e343f9ca,1610
dev/tests/integration/testsuite/Magento/SharedCatalog/_files/assigned_companies_rollback.php,50e2d2a98197845fb6a5d6ea96bb61fa888d2ee9c07e1d1b26f96caff9e1ca42,1131
dev/tests/integration/testsuite/Magento/SharedCatalog/_files/assigned_company.php,303ed3960a614bc56b7139d6ed18b81b7d367037f3f3dacc6601dba184fdbfda,2151
dev/tests/integration/testsuite/Magento/SharedCatalog/_files/assigned_company_rollback.php,b26ee322e0ca693cdda0d0ec613bf957a178fde6d07f27bde3af13380bf131bb,1412
dev/tests/integration/testsuite/Magento/SharedCatalog/_files/catalogs_for_search.php,32e4b04c32d6d2cd0813f6180779b7b68c338718a607fa4a9bbd89edca014992,1629
dev/tests/integration/testsuite/Magento/SharedCatalog/_files/companies.php,96a9d36d244f7a85b2fe6eeb92c924a5357a5ddf68021e3086d56b1704654819,1516
dev/tests/integration/testsuite/Magento/SharedCatalog/_files/companies_rollback.php,a1bc412e97514380b29378d01247896078231c760661f97b611356edbb7bd307,1132
dev/tests/integration/testsuite/Magento/SharedCatalog/_files/company_customers.php,ce69cbf06799d3ec35a0b3b67b04da35d234a8d34995742dd30d4685ed05095d,642
dev/tests/integration/testsuite/Magento/SharedCatalog/_files/customer_group.php,b790d48e9e6ddf4d957bec55df8ed9e064f03ea841fab7993ddfcd1184e2d444,1096
dev/tests/integration/testsuite/Magento/SharedCatalog/_files/customer_group_rollback.php,56b81a9ac05f0146f06c0909c69c5873961aae51d4544fedfda6027098ca4cd4,865
dev/tests/integration/testsuite/Magento/SharedCatalog/_files/permissions/categories.php,6fe534da910173dc72a1367f7ab2728add106de36b4cbbad8c2e800906a411fd,6377
dev/tests/integration/testsuite/Magento/SharedCatalog/_files/permissions/categories_rollback.php,a72e361db7b3191858657c1acf3538769883155c5f378a636bd4bd0f029210a8,1328
dev/tests/integration/testsuite/Magento/SharedCatalog/_files/permissions/companies_with_admin.php,8d6778c93ad4e3f326ad44fb9e0c84cee042153b5aa0d71dfe872a21ce6abc28,3699
dev/tests/integration/testsuite/Magento/SharedCatalog/_files/permissions/companies_with_admin_rollback.php,0578070be07afbbe26a81fea82fe1e918bb4c9f0d92b3a42971bc7525be10c1e,1284
dev/tests/integration/testsuite/Magento/SharedCatalog/_files/permissions/enable_parent_category.php,4736bea90232ff9692bacd638e4b151672f8c6a30ad0b4e6388702a5c22ed572,749
dev/tests/integration/testsuite/Magento/SharedCatalog/_files/permissions/enable_parent_category_rollback.php,724cae54eeb9f69db98f482cbf0f761715d699b161460681ee1c5f957490d1d9,886
dev/tests/integration/testsuite/Magento/SharedCatalog/_files/permissions/multiple_shared_catalogs.php,ef3cd629cb43d348923fca092e4c79bdfdbb278b55cc564467f11a7655ff3313,2543
dev/tests/integration/testsuite/Magento/SharedCatalog/_files/permissions/multiple_shared_catalogs_rollback.php,c318ad20525a330e4529e9cd183c69839ce2bd288f5d0e7bc48a434fbefdea7d,1251
dev/tests/integration/testsuite/Magento/SharedCatalog/_files/product_items_for_search.php,ec7d986bbd7eb568caeb8556b99541ff608df8c48ebe6adeafaf5472c197fbca,822
dev/tests/integration/testsuite/Magento/SharedCatalog/_files/products_with_layered_navigation_attribute.php,4e4a6aad261f1bda1d78a29b8575fb9f3f82f8208d90bf8d802ba324648cda2f,5864
dev/tests/integration/testsuite/Magento/SharedCatalog/_files/products_with_layered_navigation_attribute_rollback.php,f56a54a559b218edba7c67fa3f2ba7c5f29183d63d6729f2523c509536c63ab9,2112
dev/tests/integration/testsuite/Magento/SharedCatalog/_files/public_shared_catalog_products.php,9bfed66cd52d3a50faec8d0e225f54efdabcf4ef629f83325cf03399acfd9352,1557
dev/tests/integration/testsuite/Magento/SharedCatalog/_files/public_shared_catalog_products_rollback.php,168a8b0d4c21f596ff88a317c5faa7a3126dd0f4806b234a4f44b226a4e8663a,1495
dev/tests/integration/testsuite/Magento/SharedCatalog/_files/requests.xml,ff8a35981090c698873e60ac5fddeedcf35cca6d135462d04f499412e9160286,1323
dev/tests/integration/testsuite/Magento/SharedCatalog/_files/several_shared_catalogs.php,d8bc8bbbb9d2041c6c99eb40c684c8c901f781ef89dfc2d5dead0335f374705a,2801
dev/tests/integration/testsuite/Magento/SharedCatalog/_files/several_shared_catalogs_rollback.php,fb673de4818e94f0b6ec699b36e6049a6be9ecb2373dabc4835ced5d18b583f9,1097
dev/tests/integration/testsuite/Magento/SharedCatalog/_files/shared_catalog.php,4d2b193898d67dbabf672418a606896e177f6859d0becc4c7ffff765f1bb80f7,1633
dev/tests/integration/testsuite/Magento/SharedCatalog/_files/shared_catalog_products_with_tier_price.php,a4636c67b002388c6e5bbc96a0cd3ce76ae226fc716d01ea7caf745c5cdb175a,1448
dev/tests/integration/testsuite/Magento/SharedCatalog/_files/shared_catalog_products_with_tier_price_rollback.php,b634389332b4aaf14c5fd27e8ec0d231399f9073d8d0cbdc9f632c0b2030e744,291
dev/tests/integration/testsuite/Magento/SharedCatalog/_files/shared_catalog_rollback.php,294a7080bcecb812da79254f58242cd1121b18f7f84e1b4763eee514d9eb5ba3,1112
dev/tests/integration/testsuite/Magento/SharedCatalog/_files/shared_catalog_two_store.php,291cbd8cb3916d13ab955b678031fe194e2aed068165ee6975a75c9787c0b337,818
dev/tests/integration/testsuite/Magento/SharedCatalog/_files/shared_catalog_two_store_rollback.php,c85096fe178a994e1285e3524e1f076e18867e5e63edc43883e367f266c4091f,814
dev/tests/integration/testsuite/Magento/SharedCatalog/_files/shared_catalog_without_store.php,ab45c6595d5f4641e928a21353d3899d2e5c768f158de44e41c77212ed49df45,1344
dev/tests/integration/testsuite/Magento/SharedCatalog/_files/shared_catalog_without_store_rollback.php,0668bbd69501dd22bfab2439fd014173a9df3a3a7d097fd0a697e0b232f7c15c,1042
dev/tests/integration/testsuite/Magento/SharedCatalog/_files/shared_category_product.php,64f341ea09306f020a908b5c1827cbf425180c0f8d08b4d5484f4ac00438d76e,2024
dev/tests/integration/testsuite/Magento/SharedCatalog/_files/shared_category_product_rollback.php,e6e38f8656a98e6bfe4378026bc6d2f8b75e34c1ccfd672ca3a06498ce84dd0f,1829
dev/tests/integration/testsuite/Magento/SharedCatalog/_files/tax_class.php,dc9014b250ac6ae058057c57aa06f5227582696f93e64b276ea834e8f43164b8,458
dev/tests/integration/testsuite/Magento/SharedCatalog/_files/tax_class_rollback.php,ddf0f2c26a59b24bfa77606a7a6024a6336499a4ce83847c807e694eff1cc69e,785
dev/tests/js/jasmine/tests/app/code/Magento/B2b/adminhtml/js/form/element/ui-group.test.js,17e92a0f2431b5367288d5d2f9f563c6028f46d89022aff5dbb5b1d2fc5a5a00,20292
dev/tests/js/jasmine/tests/app/code/Magento/B2b/frontend/js/grid/listing.test.js,939d7846cc131f5ead727a9007aca4042b90e9a189db3203fa7a7d8511569066,1503
dev/tests/js/jasmine/tests/app/code/Magento/B2b/frontend/js/grid/paging/paging.test.js,ccbce68b4571d7614d802426f1b1cc8dd2ad9160f8e943506d2ccf3312218d9d,2463
dev/tests/js/jasmine/tests/app/code/Magento/CheckoutAgreementsPurchaseOrder/frontend/js/set-payment-information-mixin.test.js,5cac2698862d6a8292282d93050a9db6ccf82bcefd3715ca82e08d09972e5f2b,2208
dev/tests/js/jasmine/tests/app/code/Magento/Company/adminhtml/js/form/actions/auto-complete.test.js,66140b3c7cc44647050a7dcedaacd79e9ee4dcfc0e1290acc2276e7d2377e86d,2192
dev/tests/js/jasmine/tests/app/code/Magento/Company/adminhtml/js/form/element/customer/auto-complete.test.js,f6eea437f9318892386b628c5cd7055b9acd2ba8107193d2ec73cfe20cdb0023,1751
dev/tests/js/jasmine/tests/app/code/Magento/Company/base/js/edit/add-user.test.js,91261f0c105e862258eed974b9bf50fa741118e28e5ed814d43c275301bd12f9,6401
dev/tests/js/jasmine/tests/app/code/Magento/Company/frontend/js/hierarchy-tree-popup.test.js,c8ebe906cbb1ecd8bff0d8ccd3182e29eef08d81ba0133d51538ec4caefcad4b,2376
dev/tests/js/jasmine/tests/app/code/Magento/Company/frontend/js/hierarchy-tree.test.js,17462a62d5aad27fe2c71a9365793feb5e0b6db3004c6c6d2bf7a11a56d219f5,2340
dev/tests/js/jasmine/tests/app/code/Magento/Company/frontend/js/user-edit.test.js,cb1b689818f06f625116298b10059c81d58b28757afaa8aa9c25fe3984322551,2577
dev/tests/js/jasmine/tests/app/code/Magento/Company/frontend/js/view/company.test.js,d943f63e0fab0cb860e915c4162272cdfcfe6e9ff5679052bd22c8ba1a5c2c68,1245
dev/tests/js/jasmine/tests/app/code/Magento/Company/frontend/js/view/users/grid/filters/filters.test.js,f7715aabadbf6f99ddc93f3d12aa4ffc10f3019eefbd2b3a7ea9ec47d6ab79fa,699
dev/tests/js/jasmine/tests/app/code/Magento/CompanyCredit/adminhtml/js/convert-credit/currency-field.test.js,e3b0c44298fc1c149afbf4c8996fb92427ae41e4649b934ca495991b7852b855,0
dev/tests/js/jasmine/tests/app/code/Magento/CompanyCredit/adminhtml/js/convert-credit/modal.test.js,6c8865c700c76ad280bf45da938262bef01f75782c7cc868c42807fa2d3ef5d3,4110
dev/tests/js/jasmine/tests/app/code/Magento/CompanyCredit/adminhtml/js/convert-credit/rates-fields.test.js,3c7dcf7ce15872f20f346ec47be7678180a8e58e9efae31fd295484a7302b567,1844
dev/tests/js/jasmine/tests/app/code/Magento/CompanyCredit/adminhtml/js/credit-limit-modal.test.js,5d213bfc641c6dd09448dd0941e2ba20f435a0f6a8b9707a09c5eaf32082294d,4478
dev/tests/js/jasmine/tests/app/code/Magento/CompanyCredit/adminhtml/js/fields-with-currency.test.js,4384d85be440b6cef66ca876c1ac7305190cc0df897a5b566110f5b84f4f20d1,1668
dev/tests/js/jasmine/tests/app/code/Magento/CompanyCredit/adminhtml/js/grid/massaction/selections-converter.test.js,18355c964d94775ca07c926f4bf06b8aebb8f693a14304b82244cc3566822c70,1976
dev/tests/js/jasmine/tests/app/code/Magento/CompanyPayment/adminhtml/js/form/element/select/select-company-payment-method.test.js,92b94b0491db15896d06d5476e0ee121f0138e58995d715074f88385163e631f,8211
dev/tests/js/jasmine/tests/app/code/Magento/CompanyPayment/adminhtml/js/form/element/use-config-settings.test.js,4ddafefa01c997f5c75de3d2f323c0120e321b1f72334649b3c76c9164ab4886,5200
dev/tests/js/jasmine/tests/app/code/Magento/NegotiableQuote/adminhtml/quote/actions/update-quote.test.js,7ef48477dc0eadec4dd4198c28d426c8f0c781d3b69d2e1a5ef65755283453ca,4559
dev/tests/js/jasmine/tests/app/code/Magento/NegotiableQuote/adminhtml/quote/create/validate-date.test.js,0215b187419772474bde046da47eee7ba75d76f33655bce3cc6fcc4581279448,2853
dev/tests/js/jasmine/tests/app/code/Magento/NegotiableQuote/frontend/js/quote/grid/filters/elements/current_customer.test.js,e509e231454d790bf921c6d82bcc6a32f7d867a3cf134ee2156220fed10a8d71,2321
dev/tests/js/jasmine/tests/app/code/Magento/NegotiableQuote/frontend/js/view/payment/discount.test.js,be7881ad45e410ef0541e0ef39cf695b08fda6433be69355de413166dc0705fa,2610
dev/tests/js/jasmine/tests/app/code/Magento/OrderHistorySearch/frontend/js/validation.test.js,85f5bba696f586d20f88dc8bb684eb5eb4ddeb80b9962406239ec523e5edba9a,11921
dev/tests/js/jasmine/tests/app/code/Magento/QuickOrder/frontend/js/counting-errors.test.js,b0f11c3fac542cdd166e4a465a9d52e7cf67cce2568ab44d5b004f5c98a64ff7,2346
dev/tests/js/jasmine/tests/app/code/Magento/QuickOrder/frontend/js/file.test.js,1421cee1d114d59dd02769d7587452760d2517c614a28c68394270fff622358f,3748
dev/tests/js/jasmine/tests/app/code/Magento/QuickOrder/frontend/js/item-table.test.js,a66bc96877928a0482268698e2b1bad8f9d82fce93036903c2c32c65a5890283,1616
dev/tests/js/jasmine/tests/app/code/Magento/QuickOrder/frontend/js/item-table/mass-add-rows.test.js,6c92865316fc6e5aee681aea06a703857b5daebccd0f2c6943a8d8fe195dfd1a,1656
dev/tests/js/jasmine/tests/app/code/Magento/QuickOrder/frontend/js/multiple-skus.test.js,fb52a03b4be5f32090aab782a82134e7ac423c7be7669b77388164df4099d3c2,2743
dev/tests/js/jasmine/tests/app/code/Magento/QuickOrder/frontend/js/product-sku-item.test.js,4dc640c4986e6e2a51868da521ed9269e4dd20434040ec94a62fa7da8e495d2d,3926
dev/tests/js/jasmine/tests/app/code/Magento/RequisitionList/frontend/js/modal/confirm/add-to-cart.test.js,60612e1a7a9370f636344d18cb0cf2d0511f944cc1d2b00801f1c003ec6cf62f,2210
dev/tests/js/jasmine/tests/app/code/Magento/RequisitionList/frontend/js/requisition/action/abstract.test.js,f7408b64a5be8a59a2213b67afe5bf415544f69a0dcbf3efc6874eba81f96057,4694
dev/tests/js/jasmine/tests/app/code/Magento/RequisitionList/frontend/js/requisition/action/items/massaction.test.js,5b46c4514056e4cd4166b769415a7ad78e3151a25169727c9d5d4faed75c38e4,3813
dev/tests/js/jasmine/tests/app/code/Magento/RequisitionList/frontend/js/requisition/action/product/add.test.js,222fbdfb77fb855e271e77240e2c4f8629b0623bb52992042db4059c944ea610,3140
dev/tests/js/jasmine/tests/app/code/Magento/RequisitionList/frontend/js/requisition/action/product/view/add.test.js,f7f8060db4ec0fc15d54165793d376faea5f674e2b85dbb1b8505ae09d2b44a8,5616
dev/tests/js/jasmine/tests/app/code/Magento/RequisitionList/frontend/js/requisition/list/edit.test.js,cd0a753fabe5497d870f67633f2a691294ae376aeb638df750c8e0d7439e103a,4103
dev/tests/js/jasmine/tests/app/code/Magento/RequisitionList/frontend/js/requisition/list/edit/form.test.js,d61dec39198fd145ddef69c2108c711effc7ba63062b831eee9e528b20bbb7db,1849
dev/tests/js/jasmine/tests/app/code/Magento/SharedCatalog/adminhtml/js/form/insert-form.test.js,72542d00fcb15cbc3e33302b2c2466440ba047fd49b2c5c6a16acedba4f1cf58,4246
dev/tests/js/jasmine/tests/app/code/Magento/SharedCatalog/adminhtml/js/grid/columns/custom-price.test.js,f2d7bae582f544fb8b6fa14528c1aafc702b88f6ede7b536382f82c9ba310db6,5874
dev/tests/js/jasmine/tests/app/code/Magento/SharedCatalog/adminhtml/js/grid/columns/multiselect.test.js,4992e886128c41ddbc69c03c2b3f43be3ac670946c2484e2212a47e6459374c8,973
dev/tests/js/jasmine/tests/app/code/Magento/SharedCatalog/adminhtml/js/grid/columns/price.test.js,7bccd7a976c02869779f9ebb92db11272de52f623a601ec57c761ad03097cb68,4027
dev/tests/js/jasmine/tests/app/code/Magento/SharedCatalog/adminhtml/js/grid/massactions/pricing.test.js,439290cd436d264bfbf0a39db1e4a7e3a1d0d5cad263b9f911fd1946e6f1087d,6401
dev/tests/js/jasmine/tests/app/code/Magento/SharedCatalog/adminhtml/js/notification.test.js,a412209eec5ac89d385dcdee3900095e1c1f8648b4584a1aff5569fa8378b458,5654
dev/tests/js/jasmine/tests/app/code/Magento/SharedCatalog/adminhtml/js/step-wizard.test.js,5734588be179b5d04e1dae4c5ebe9302603dc5891162299fb20ee4bd1b7502b6,3496
dev/tests/js/jasmine/tests/app/code/Magento/SharedCatalog/adminhtml/js/tier-price/fields-with-currency.test.js,eb70daa858dec0d0a544730555bce932390f3a08ad3a75cced81797ccec5812d,3843
dev/tests/js/jasmine/tests/app/code/Magento/SharedCatalog/adminhtml/js/validation.test.js,d1cfcc1c2ffbf45f5427d69bdf125429e0737a30701d42e5bfd6bb3a889ebfba,1215
dev/tests/js/jasmine/tests/app/code/Magento/SharedCatalog/adminhtml/js/wizard/step/pricing.test.js,f0048046ffa4e7209a86411bb42864f547682db8748fa8e5edc302392458d4ee,4037
dev/tests/js/jasmine/tests/app/code/Magento/SharedCatalog/adminhtml/js/wizard/step/pricing/grid/editor.test.js,058c25499d7135a4ae0fb3d7db9fb526548913e6e46310a012e222e1994dda4c,1333
dev/tests/js/jasmine/tests/app/code/Magento/SharedCatalog/adminhtml/js/wizard/step/pricing/grid/provider.test.js,7d9430404e39739a0749ae78df5d8cabd75ed4434b7474e22738ab295443d1f5,1899
dev/tests/js/jasmine/tests/app/code/Magento/SharedCatalog/adminhtml/js/wizard/step/pricing/price/storage.test.js,a6879c128579d9d87e115cef5c18660c15b0f1eff0dde807d83981fd40e3c626,4995
dev/tests/js/jasmine/tests/app/code/Magento/SharedCatalog/adminhtml/js/wizard/step/structure.test.js,a1b7c931ffc22cc6258f8bc46b4c9d1cf66d6db4d4224f58f0686c301df0bd0e,3151
dev/tests/static/testsuite/Magento/Test/Integrity/Magento/Backend/_files/controller_acl_test_whitelist_b2b.txt,6bb87a5de2ffc8bc4a39c54e0235ba61f4d17aef9254ac7375bbe8dbccda2948,1988
dev/tests/static/testsuite/Magento/Test/Integrity/Magento/Framework/Api/_files/ExtensibleInterfacesTest/blacklist_b2b.txt,e1a0bee45a95179def2ab35e81300cecdadd9a7c6f212ada4bf0139df3d8ab43,137
dev/tests/static/testsuite/Magento/Test/Integrity/_files/blacklist/compiler_plugins_b2b.txt,3af218940a4f6d3aeda84fb66a0b39703999e09ccc5c7792131f3550e77cc0ed,125
dev/tests/static/testsuite/Magento/Test/Integrity/_files/blacklist/composer_module_names_b2b.txt,6f5849ceb269ffe15963d9c22334e387ce793860faadeecf0b83e3e3d14a7c58,19
dev/tests/static/testsuite/Magento/Test/Integrity/_files/blacklist/composer_root_modules_b2b.txt,0579b17fdbbc5bb7490aa211bf2aaa7d980d379b7c5e626a59d24923fe41bc71,1651
dev/tests/static/testsuite/Magento/Test/Integrity/_files/whitelist/public_code_b2b.txt,b369f72c4e20a2a570f2f9d4d3b4e01df5f0fb38e9aa1a4cf94c22326d09909f,279
dev/tests/static/testsuite/Magento/Test/Js/_files/blacklist/b2b.txt,7c854f5924e4a4726c02c5c9b0764673209dbd0adc86fd46d6b10a67e66adea6,126
dev/tests/static/testsuite/Magento/Test/Js/_files/whitelist/b2b.txt,95733d1ac2dde8c05ce590e930844fa57e242959e7a891e337d78b501709dfbd,52
dev/tests/static/testsuite/Magento/Test/Php/_files/phpcpd/blacklist/b2b.txt,707f505705d0ab0a8ebbf2caaab1a383cea64c237dc21449dadaa1e81c9ca631,430
pub/media/negotiable_quotes_attachment/.gitignore,d1d6349a8458c05f16c0a20393e27ace9b00a5bc9a9acd79b60d373918495f07,26
pub/media/negotiable_quotes_attachment/.htaccess,4c28cc1f3c02902531968a6361c5c1becd4dde9853f6e4175edaabcbd096669b,125
setup/performance-toolkit/README.md,b065225e7ad928f1dc22ae9397dea2cc46337f349a703f02adf7259869f24af7,245
setup/performance-toolkit/files/1mb.pdf,ef82c336660b89c985b7ae239f961a13cd5e62e7f428dce637a7222e9154496c,1214273
setup/performance-toolkit/profiles/b2b/extra_small.xml,e9f5f0a396d6996196515af9ad2b1ea591fb8d95c5b9876be14efaaf1d76c23d,10770
setup/performance-toolkit/profiles/b2b/manufacture_standard.xml,552c384694cdf61402e1d3b3e0e1d60b8a7b9cd39d6d5e9775a02c1f04f54e2a,10351
setup/performance-toolkit/profiles/b2b/medium.xml,182f5664b883c248d8381f1b0b173b8a61eb25b3db44f156beb9b0473be7b19a,8777
setup/performance-toolkit/profiles/b2b/singlesite_small.xml,eb9efe9909c20d479411ae4b448412632db159bd16811c1247b9ba8ace8fd035,5652
setup/performance-toolkit/profiles/b2b/small.xml,dec13ced8076d97914f3dec3e8c213cc012abad58bbc39b45f9054a69e9f6aef,10771
setup/src/Magento/Setup/Fixtures/CompaniesFixture.php,b578b1a078565d5e1181def4f263d468ead956c26bf9ea91f76e0c0704c52e26,14194
setup/src/Magento/Setup/Fixtures/NegotiableQuotesFixture.php,d77def7c785aa9f319a293d587b2ff8c44b49a7bcd26bea6b10f83c7e078cc55,25016
setup/src/Magento/Setup/Fixtures/Quote/NegotiableQuoteConfiguration.php,fc55aad8db1a6c598afc158cd6c6e96a29f227d451099f9ef01c0ae941eb0324,977
setup/src/Magento/Setup/Fixtures/SharedCatalogsFixture.php,3ffc260acbf315ff35b21ab3ac2e83aac39fdcf6c31ac42b7e19722a30da7e5a,20432
setup/src/Magento/Setup/Fixtures/_files/quote_fixture_data.json,b0c20e8fe5c9c76e6971de87d34980bf5f700aaaa79adcb061094237d97658d7,6076
setup/src/Magento/Setup/Test/Unit/Fixtures/CompaniesFixtureTest.php,ca14b2d0ea15826832856820f9582427d9a53a03f059e6627050676d71f2b040,25352
setup/src/Magento/Setup/Test/Unit/Fixtures/NegotiableQuotesFixtureTest.php,7dcf2c74eda79c38c59c91a2a84b17a432f4679be3e061e8f0788dab0160eac6,28205
