path,sha256,size
Api/CommentManagementInterface.php,793f32b12362a6f68ec5a2420b50c9328296b443a92ed3883693c261fc6f3095,638
Api/CommentRepositoryInterface.php,ef8cbeb628e026257c4f13fa6572cdf9e353a9265d67ccb0d87c8aefa1b96d41,1079
Api/Data/CommentInterface.php,632bf1a9dd4467b1f90a527e9b72535a224046bd7c97d0b9a18a5558c8d51020,3075
Api/Data/CommentSearchResultInterface.php,a38cfdb5dee07c748c1429be268f4a69d767cf7936e525194bf1a33b82ed4f80,642
Api/Data/ItemInterface.php,0a1033ea1120afd22a4b29c93260069cbe7205c4cc5fd4a6bf41d4aff33d2b36,3793
Api/Data/RmaInterface.php,2e3a06dab6f983ada0a1195feaf9f1f5ba4f3dfeb50abc870aafa82ad6bf86cc,4355
Api/Data/RmaSearchResultInterface.php,79be01943497938d88be688e68c45d08a737ad0460d08fda69c0adcfead9f49c,596
Api/Data/TrackInterface.php,6a32a4f9c415fe6ad6e7232a69c02864c4e5e3f71ab80f94ad7082b2b4515c0d,2219
Api/Data/TrackSearchResultInterface.php,e87bd22dad39997b2ed74f80044a48cb485213377e8e9aa5605644d19d2c47e2,604
Api/RmaAttributesManagementInterface.php,7ef21a56b98debff84f30c3b3fab38d3ea8088a6b082b42fa416b419dec0f680,1525
Api/RmaManagementInterface.php,db87789a0dc2b5baa19c35a34382c693958a256e385337834e21c278d3073708,766
Api/RmaRepositoryInterface.php,9f5eafd199c9d48408fec1790ebecc619b22cf667151cacf682c0558238ba636,1142
Api/TrackManagementInterface.php,de250b968468f2ee3c0a09c6dc964716ba905e516b4c332fafca76448dde9523,954
Api/TrackRepositoryInterface.php,1a3542bc284e4b7910b28756c5099ef09fcad565802eadc51d309572ec87fa7a,1066
Block/Adminhtml/Customer/Edit/Tab/Renderer/Action.php,c24611c4735bc3d3b62f8475188d5caa14c12ac7058c34a65916d0cd3396681d,1070
Block/Adminhtml/Customer/Edit/Tab/Rma.php,a663d59e76c028efe048571a3ee49f33156b9364e79474132a879f3909108290,5062
Block/Adminhtml/Order/View/Buttons.php,d5a17e3de6cd666ce009c46c6fd39edfbb713a99003bdd6cdf270efe765756df,2410
Block/Adminhtml/Order/View/Tab/HistoryPlugin.php,8f335fdc2b925c289b3f7b82f48ac7d96889d254c5a26a797a420afb5f5bfda6,2586
Block/Adminhtml/Order/View/Tab/Rma.php,784888d299a558ff1f60e1e089f80662693e4b6935514315c775e849143a63b1,4080
Block/Adminhtml/Product/Bundle/Items.php,bde50c2b6f095864f085c6d92513e30dae0e4ab7aff97867886b90414153a496,1264
Block/Adminhtml/Product/Bundle/Js.php,7922740247d56cbcecf0505d2163b771b94340880125360faf6402afd5c7ad4e,1449
Block/Adminhtml/Product/Bundle/Product.php,5a509ad3fb31c88dd0c1d4e5a895f8b2562f66cbcc38a825324d115828b209bd,875
Block/Adminhtml/Product/Renderer.php,745fb26042b30de278bba724ffb836fe4bff244f27489d92169aca5495f5e0bc,703
Block/Adminhtml/Rma.php,040fe1b5444d01972ef1f8f089c0d92308a96539905979313ceed1e4426d1833,1165
Block/Adminhtml/Rma/Create.php,305cf0acc6a24135c2d464901e2f5c872514eec651d93643f6b6aa10c594020a,940
Block/Adminhtml/Rma/Create/AbstractCreate.php,77300ef253cdf1f3d35d5cf8369cb9c75267e5c0a698bc1e0884caab3392193c,2437
Block/Adminhtml/Rma/Create/Form.php,5beb5cffabda483855fb549fcac9785fea7196d7c9ba20c9b55c07ebedd1e915,342
Block/Adminhtml/Rma/Create/Header.php,e0f74a6723f63e32d4a83145c0b81968c33757f560a08147d1e57674a4a259f7,1077
Block/Adminhtml/Rma/Create/Order.php,ea4fd6d53a1d23930debb34d9ebb642aaf662d2650100acdac4754c8100bf456,547
Block/Adminhtml/Rma/Create/Order/Grid.php,33bf097aea1fff197fc153db589fb1599d2d30ca66844f2022b4d1bd32851357,4739
Block/Adminhtml/Rma/Edit.php,eb8cd527651fd44382322ff4965252dfac7e4e2a4c18ed0ca74b7de1df1e4959,4907
Block/Adminhtml/Rma/Edit/Form.php,10f1f3dcc39158d8f80780f69f9ff1ccfc07cfc9561ea525b3d49f57a1ab1388,1217
Block/Adminhtml/Rma/Edit/Item.php,df4f65a4e50daba2a5541ba87e0da9e212348bfb424f041c4a4ced6a962eb9c0,6012
Block/Adminhtml/Rma/Edit/Item/Form/Element/Image.php,295263530bdf989d06375c2d477ccced916468b1ef97e3a5080f2f7a6a8ad2fc,6431
Block/Adminhtml/Rma/Edit/Item/Form/Element/Text.php,85cbc73facc54737a17c750ffe531b43216f1569c4e14e6a45df376520c2c2f2,1588
Block/Adminhtml/Rma/Edit/Item/Form/Element/Textarea.php,82351c6cb0e12b9d5dd8a705f35a185bd39e8b8d95d0c4dd28587620027ddd3a,1600
Block/Adminhtml/Rma/Edit/Item/Renderer/Fieldset.php,310c1102f56458da4dbae6076656aea057f371e7048d9a18dae370335f4cc095,463
Block/Adminhtml/Rma/Edit/Js.php,3c86eb7e5c70c5a182712af3e3e454ce9ec25de4371e58aeff625118b205e155,2220
Block/Adminhtml/Rma/Edit/Tab/General.php,f0e2a3ab7c0ca81a307bd06cece499388145d0d10a335e5496c1c3257fd64961,1672
Block/Adminhtml/Rma/Edit/Tab/General/AbstractGeneral.php,cb8c20b088cda63490f3b97ca07a1856f8bc8878787f03fba619debc5820cf43,2753
Block/Adminhtml/Rma/Edit/Tab/General/Details.php,deed959cafdc8ad14613689b009bc3dd3491e35d50cec32f1a563b3b4db8cf62,1614
Block/Adminhtml/Rma/Edit/Tab/General/History.php,b5741aa1c1033f99a11c356a44d1cf7819fba92dfc40eefb71c119d235e77e86,3237
Block/Adminhtml/Rma/Edit/Tab/General/Returnaddress.php,afc13a671bda73693c2fd02b0f87106a77ed0316dbf88f8e51a16da441d84603,1649
Block/Adminhtml/Rma/Edit/Tab/General/Shipping/Grid.php,a91f1bd8cd714ccf0e17a6c118b7b7b20d367976d0f2af5155f6f40e789ef832,2240
Block/Adminhtml/Rma/Edit/Tab/General/Shipping/Information.php,08b3417e600864725fcce46487a64d84a49d404d76aadba232b93ccf9a11bd4e,586
Block/Adminhtml/Rma/Edit/Tab/General/Shipping/Methods.php,9d17cb462660ae7c15d5bcc9d62eb471a7a71d71a8c3b1f2a185adeb1cf3b670,2796
Block/Adminhtml/Rma/Edit/Tab/General/Shipping/Packaging.php,35410298519a21304a74edf34b6ec40f012f1d8b1c62b1dfe25a6cb6e960add6,7895
Block/Adminhtml/Rma/Edit/Tab/General/Shipping/Tracking.php,ce4b384a4df6fe2d09959ef41e2487af573a80ead90d33ff87e0d81dbe5b29e6,4479
Block/Adminhtml/Rma/Edit/Tab/General/ShippingAddress.php,242a03509f64a01bac4c4629cde51a9294d9c5ff67c8415f91b05a893cb0edcd,1395
Block/Adminhtml/Rma/Edit/Tab/General/Shippingmethod.php,366de8fff96d388ed6b6748c5e790afd182547fb6dc69f6ddf5d673eed91aaf1,10077
Block/Adminhtml/Rma/Edit/Tab/Items.php,f808710dfb0d38881b6de57eb872cc85540167597c36b1077b213cde22fcb2fe,1236
Block/Adminhtml/Rma/Edit/Tab/Items/Grid.php,8b5a3004ae0e55cca632cdfcb0dfbb1ee30a10dd43f6b3f4b114c7ae1f24320a,13508
Block/Adminhtml/Rma/Edit/Tab/Items/Grid/Column/Renderer/AbstractRenderer.php,679757790472dcae6bf5a937a162359f45ae3c604fe56e5024015815ddc6d986,2183
Block/Adminhtml/Rma/Edit/Tab/Items/Grid/Column/Renderer/Action.php,d7da1625ef7b75353df1921ee928706a11e57de1f33907aa8184113b20c45851,1846
Block/Adminhtml/Rma/Edit/Tab/Items/Grid/Column/Renderer/Quantity.php,45d95c611ec980838423c575ecd08c50fc4d63b4249bcdc099a97ce02f2b0630,947
Block/Adminhtml/Rma/Edit/Tab/Items/Grid/Column/Renderer/Reasonselect.php,1b5d45015536761ce44eb73f28f647b58f4f96b731f53445e3421ff7efd71b1b,4483
Block/Adminhtml/Rma/Edit/Tab/Items/Grid/Column/Renderer/Status.php,1f9b5ea5438de972eac3e819afb2cfbe92aec2ff4c5b2f34e486d3b53f6b52d6,1330
Block/Adminhtml/Rma/Edit/Tab/Items/Grid/Column/Renderer/Textinput.php,fefc12f8feab2294fed4c95d370f02a9f4fee1b3ad0ed61114a3a4f7944efbc7,1767
Block/Adminhtml/Rma/Edit/Tab/Items/Grid/Column/Renderer/Textselect.php,deea2cb88a8f7775f97f85fc6feccd1d4fb25ee39b767313f783b0e9b83fff29,1292
Block/Adminhtml/Rma/Edit/Tabs.php,2ea132d4222eb2ed5b62fb70f27290aee205ba918ef80aec8545c713a482558e,513
Block/Adminhtml/Rma/Grid.php,7f6b023be9d936c79ef804c477f0ec06cfda48e68ce36ceb36ab44ac65c4e347,6522
Block/Adminhtml/Rma/Item/Attribute.php,ef6b9a05a6fa658c05aeecc1080df81ede1651306a96cc0f8627a3167a0d2440,715
Block/Adminhtml/Rma/Item/Attribute/Edit.php,a6f86244c4b2a4796f48ba8a831a5c4655a77846d1c735c67474f9338219d38d,3139
Block/Adminhtml/Rma/Item/Attribute/Edit/Form.php,33695556f6ae2e45955595d55c50d26ff214b36ea34bf9a2f296229e5cede0c5,1034
Block/Adminhtml/Rma/Item/Attribute/Edit/Js.php,8cc946e0a9514849dc1cbf24c25589f569663059431dbdb29d7ef0e28768352a,2604
Block/Adminhtml/Rma/Item/Attribute/Edit/Tab/Main.php,622fddf7f374f9845641804168ac3c6d57706e24499ab248c281e82e89aff480,13613
Block/Adminhtml/Rma/Item/Attribute/Edit/Tab/Options.php,e1a8540004c62f5c060f56cfe7c4e12aa44fd158a463333f11326ccd076065ca,1078
Block/Adminhtml/Rma/Item/Attribute/Edit/Tabs.php,2daa87e8a774aa529fbebadea535328d9939096ef56f223fef8951dfc842b7d4,644
Block/Adminhtml/Rma/Item/Attribute/Grid.php,202640abd2cdfc0c1a9e56024a242e83399b03349c45d771209d425ea9a63d6a,2971
Block/Adminhtml/Rma/NewRma.php,2c253394a53600c54c9909eb8b007ce520f85e6b50e7768198c630df753fca5a,2969
Block/Adminhtml/Rma/NewRma/Tab/General.php,8508c236e135e660e5be07c4fef287e44e5d0ecce764e971d06ce487d3239b56,849
Block/Adminhtml/Rma/NewRma/Tab/Items.php,24f6ceff46a84c71c64694d190bee3c282a6a9425999e81e6b7e989a5ef8cedb,7470
Block/Adminhtml/Rma/NewRma/Tab/Items/Grid.php,372000225b4e14df731d7e340186ca39fbae96d65f3854a49e22cfb76a3a84c9,10227
Block/Adminhtml/Rma/NewRma/Tab/Items/Order/Grid.php,bb1bed492aefa79d1af9c1310f04e0d681f9bca5cd886fef2c731664d97982db,11239
Block/Adminhtml/Rma/NewRma/Tab/Items/Renderer/Reason.php,2ba56cbe70b4445668ab5b101d2bb80037c5e0ad4ad7103160d4392d7e23991a,504
Block/Email/Items.php,7a14fd555210b411d74aa0d66c81e52130e25c90783e5b368d2c7e949daa1675,1842
Block/Form.php,4d92b056dc8a7b0da6d1d0eadb647a5ff882aebbf8d37d7816ecd1f704b018bc,625
Block/Form/Renderer/Image.php,89575ce36d03bd5b71f8d86e36e9f6b5f3f0b7c419f05d86ec65e70480f7b7be,673
Block/Form/Renderer/Select.php,967ab122e2d5032f3034f86f5000029d752e042286b63fd625b2b4fd0e173580,1851
Block/Link.php,11615cfafa181ccc2afeaff8f3faf3367bbf96e330ecd4d407f3747b21acd3a5,1250
Block/Order/Button.php,6704191a588bc2879b8e86ec3d99fff3153001a4544f0e98439cf5bf26275334,997
Block/Order/Link.php,0a8afad411e8296e4ff7e4df0b8aa6847c3a3d75d8cee4e6f1b915145fd6d23e,2329
Block/Returns/Create.php,231412f38945c4fb0fb938ae8935eec91f05d2a4e3b863f4d5e7e155940445b6,6199
Block/Returns/History.php,55d8ab35be9e56cdfedcfa78413c4e7da012a6a24ed8110db7f54ecae81a5dd1,2946
Block/Returns/Returns.php,63acc69909adf5025c715a86998864630824cfbbc40075405fd80f9e11f44519,4571
Block/Returns/Tracking.php,016eb97a400e69e0cb9a7688aeccd015587082ba8ac843776f48753c3933ddb2,2559
Block/Returns/Tracking/Package.php,bcdc827fa1888f0856e62f0da0dcbb40ccba64dbb2150338ad3b98d0d75faf88,2365
Block/Returns/Tracking/Popup.php,7d3657470e4be387a57e7d8b9a4ff50dce3adef7184512300cbe7702e25621a9,1177
Block/Returns/View.php,f1b49f56f88edceb60dc2043bb8291f274b7c594202bcb8b6443db3faaf36e75,17382
Controller/Adminhtml/Rma.php,a3080572898e529b72070bec722b07d9c8726044338c09b9dce4f3307adc0bac,5143
Controller/Adminhtml/Rma/AddComment.php,d75b24630b6bdd9ab6ec5d9b66eb56b3f0090eaeea82f3ca9897d1028090db46,2153
Controller/Adminhtml/Rma/AddProductGrid.php,374f09a56158fbb5c15c42497c5f795d2028471ff9e9d7822c60f9706b74e01d,1455
Controller/Adminhtml/Rma/AddTrack.php,5ac4d04c045252a48bb4be712f1e88799c1ab65a526b61e603854aa9e0002bc5,2085
Controller/Adminhtml/Rma/Chooseorder.php,14c000caef7680ec0d48b1c7920a994710b04fb4181159b9b3c4db87e0972344,559
Controller/Adminhtml/Rma/Close.php,ac11c4af5806c96b18a18687e6d9dbdf0e7a1993c76c82190a06cd88e7f19dcc,2035
Controller/Adminhtml/Rma/CreateLabel.php,057465a8f127b691cd165632cb04010df59516f0e3720544fddcc91dc26bdac2,1339
Controller/Adminhtml/Rma/Delete.php,41fd33e1523df3a185f639306e77dad359201d2c8299b5ca4530df089bdd6034,375
Controller/Adminhtml/Rma/Edit.php,80f6f4b874c9b658ccd7b2fd54bc9bb88a0260981078b41b243bfb5a0614eb84,996
Controller/Adminhtml/Rma/GetShippingItemsGrid.php,9bc4ff9dc123d8801cc2f6d2117305d86a77eadab24e5375a476cf89693f74ba,838
Controller/Adminhtml/Rma/Index.php,5f1aea817aeda9fab51e2fa379700f7cabb74442cf8f75580aa309620fca6e31,404
Controller/Adminhtml/Rma/Item/Attribute.php,43f108b6e1707bfd0a4c5c6e5e717a76b7d0c9ff8d0664fd0517bcb777e5c0e9,2671
Controller/Adminhtml/Rma/Item/Attribute/Delete.php,351d2329f4a5d380a3beaccd89be7650236dcfe3b523a60ca01162270ec97936,1789
Controller/Adminhtml/Rma/Item/Attribute/Edit.php,93dd02f1328b01fc3e091dd1cd6cea86954bafe6d158164a25916719af03be26,2077
Controller/Adminhtml/Rma/Item/Attribute/Index.php,c819db383c627b7e7a30d42644d323ffdbaada5747d949c4de430b126da3afcb,528
Controller/Adminhtml/Rma/Item/Attribute/NewAction.php,2fdbaa8dc7aa133081722eef6bd2a53840e7b9b5b25656eb3099648f66cf2c95,464
Controller/Adminhtml/Rma/Item/Attribute/Save.php,a2fda4e5f8a7ec0a017ac092bcb41a723b356d805f32d6e904668cdfa77649f3,5634
Controller/Adminhtml/Rma/Item/Attribute/Validate.php,3d7a8ef653c74e4cfc0bc29a824464f531cbb5a9861836a000778702a7020ced,1326
Controller/Adminhtml/Rma/LoadAttributes.php,045f4198317e55b466bb1ce2e8585aa773cc62599d2e998f751e51d32df7f9ec,2196
Controller/Adminhtml/Rma/LoadNewAttributes.php,fb0353c475d3d7a920cea363b982698c2808cfd1ba14f79941e0e6dee452d35b,1394
Controller/Adminhtml/Rma/LoadSplitLine.php,17e3eed465f3d3331ab3d51ab78d33bd041a5c84aba7fbb6c4ed65b6e1a9dc47,2318
Controller/Adminhtml/Rma/NewAction.php,1fcea9ec684ba3f285e98fcec89caec69594b1dda636077920ae511f2e7ab1a4,1414
Controller/Adminhtml/Rma/PrintAction.php,e03b3900e92483e4c85e146ae92621cd422ae35a0c33ed66aa98d9bc94e8d98e,1443
Controller/Adminhtml/Rma/PrintLabel.php,0413ad4473ba4a15e2b4492744b421ed18c99fa5436c988ae456613a0229c6c5,2577
Controller/Adminhtml/Rma/PrintPackage.php,505ce3967b5c7388cbe265c29014aad55da619f243c31474ff9c46d20f518792,1784
Controller/Adminhtml/Rma/Psl.php,78a571490e8277f978f888268faa4c393b017934bfc4ca5955ae036c957aafa6,4270
Controller/Adminhtml/Rma/RemoveTrack.php,34b3efaad410b56d0dcb44ad5c88eb1cb96df3ca54cce987406bfdc862686c35,1536
Controller/Adminhtml/Rma/RmaCustomer.php,62210c43f3d9c92bd2e17ce9cdc6d015c0136254e8bf144b1b89aaed21b47201,765
Controller/Adminhtml/Rma/RmaOrder.php,df2206fc0660bf668d4e3149bcaeab49fd233d0ad738f9c7b6e805a01c7cdc10,688
Controller/Adminhtml/Rma/Save.php,60883b54f837e2aa429bfda5a1284056c78471e35b4dbab76f73091a98dff6d7,2885
Controller/Adminhtml/Rma/SaveNew.php,18751906c17938d69bd95daa3336529b52f7d419645cf4f06cefec54fd9505b3,3866
Controller/Adminhtml/Rma/SaveShipping.php,5d5644e6dc190c601e1d520bfc986cf856e55171150c88a2fcb8e3a2d48c0324,1592
Controller/Adminhtml/Rma/ShowBundleItems.php,138668ab2445f5067a020867176a4cf29e7e7bdfe9dceb8d039891b3cbfc7512,2106
Controller/Adminhtml/Rma/ShowShippingMethods.php,6e2604b569296a4e4eb0edc166b0fd8908d64798b1907d02c6fd9fe948e15424,1398
Controller/Adminhtml/Rma/Viewfile.php,d23b427de38624a91083c7141866c8bff2b64626b68f5a01bd44c1ce27a03158,4709
Controller/Guest.php,3fdda9d98d8034fc34b61e15c0b1b4d68a6072b5bca6b755780ca85af229df8e,3786
Controller/Guest/AddComment.php,b4a1f10026cb4adb784466fd11905127983875573f79068f926ae599d1c114cc,1961
Controller/Guest/AddLabel.php,f1bfd4cacc4b56fc8a758828784ce144651b348a768152ef07c5715d6687d072,2546
Controller/Guest/Create.php,8c76d27b0cdef1cb3e5c629460d4295312354f58bd7d1e8381352a184ffba013,4438
Controller/Guest/DelLabel.php,700b89da54e55e4d60896970965e5e1e2d401e1c89406f9f44989027f35f5f93,2132
Controller/Guest/Returns.php,908dd5f0357328e6d99ed5f9f245d9a3ff26510cd30356a83cc5b98543e3fd62,904
Controller/Guest/View.php,d8a3275cd3d7de3a3dec83440ed5e6df9328a00277154ef75cb5cfb59d980546,995
Controller/Returns.php,33c3cdf31ad8c855432adf388009283ba27e87da0e047970dbc56e42c0253e5c,2918
Controller/Returns/AddComment.php,1292ff30b5dfaeaea00946826f0618d4925c8c623cf22c096f9df69db26e9ad5,1829
Controller/Returns/AddLabel.php,50360b4010f9612f5bb51c7efff046334ebb7fa9b738797a08c4976e4830d95b,2729
Controller/Returns/Create.php,cc981d368655f31fee430c449ac487ccb5b7f417ceacb192110f4ab00afc8bc3,4688
Controller/Returns/DelLabel.php,9ab45b607f160858f1ff6bfee5e6ad50c23e7f0255e3117aced6ec1f11999c3f,2170
Controller/Returns/History.php,694d7b35b4956e55ebc3693a68a9069b77be34cb23d56b7930cf87499a2f9846,788
Controller/Returns/Returns.php,542a056869a2af1aa6a26e2857874e56c16b96557b7bc0bbef0a40cc351eb8ab,1649
Controller/Returns/View.php,84ca8b9714e2a3d8787c893b900f2d5257e5a6d81a660b3866c765a320c0921f,1015
Controller/Tracking.php,debccf0ebd3ba3289387578647ebf2e579848212cac546d51d5f186b1277691a,2680
Controller/Tracking/Package.php,b031503413a56016cf78f060f422ef9c1e57c50c6786547c111eba9a1c8b3ab8,1019
Controller/Tracking/PackagePrint.php,09ef0394f32b6200eb7e36f786377609bdde22ca070c4fa3bdd05e6c2231c4b2,1948
Controller/Tracking/Popup.php,df47a1ae3ad87d8cdfda842c351f9c0319dae3078ea2ba3cb040becf069eef01,1115
Controller/Tracking/PrintLabel.php,463c3e98a05da8b2e659d0e2067ef67d3a7e291486767fc797511ce733939f34,2677
Helper/Data.php,51f3872400fa113ac3375dee5754f1b8e79f1ff98d127dab1892d4e1854c8c32,23720
Helper/Eav.php,6b715fd19d1ba0c9865110dc11997e8d331a5789d36a087c9518e87f4f0f977f,8270
LICENSE_EE.txt,f459a0a68660ccc9b7809f73f7c6deb22e622603754a18e866496b59db020569,30634
Model/Attribute.php,1d81d68ea270e2138b77d15cc70236baf275aa700ea53c47e7e994b88ada74ab,4256
Model/Config.php,6864c65bf0230c9f7008ef7b5a81981b5d7f713393290d4214ec623544edfd75,8493
Model/Grid.php,5aae76dafb6b7d087fc02f09fe4aa1b76933dc527e82a2830a12896413f70e64,1992
Model/Item.php,8bb59b9886febe3b1a1831f5f4cc4bd8281a287ada5aeb0143b41335b9a7e91a,14642
Model/Item/Attribute.php,f8fb31e6a8abe190e90d1f2642a13fd02e50380992d3ec8a24d42443acb52699,937
Model/Item/Attribute/Source/Status.php,7375ef952c039b3c89b919d0d747c6e1f29d2a881a68493387a83dac66c79358,1265
Model/Item/Form.php,301630b3014ccbfca0d377f60ae6dfa56612b4f6a23c29f093a5aee848f3760d,3460
Model/Item/Status.php,d85731ad3a4466aa65b08ff57cfd1293ee8e6265a176ac683df0644610e1b681,8373
Model/Pdf/Rma.php,40a6c16147679573ba87297a65f74bea15891fd4b0229d97737c50d87d48bc21,13624
Model/Product/Source.php,67b6a9bcc7d74f176a8f575174a52ad5665e876b6ea37308e41790bdecca3f2a,1097
Model/ResourceModel/Grid.php,a2fe220d97c6b67851282a6fd7a3d58c0592526fc5c60d8ba7fca1068364469e,632
Model/ResourceModel/Grid/Collection.php,08e636e725b1fc7d4cab3a31fd5210f65240732352ff7e036c9c184c18f9ca0b,568
Model/ResourceModel/Item.php,42bcef2d8757866366d917a478e1f06675149b2fb2449a9c9db6df819d8a8987,12441
Model/ResourceModel/Item/Attribute.php,fa42e51c2f9c301a6dcb4a7a9f972cecf606da27ceb114dc4e850bd051c7dc12,1019
Model/ResourceModel/Item/Attribute/Collection.php,ca06bce2a51251bf8fc1106a8797bcd7d2adc7a7bc83ec5f303a9df911f5a2f5,912
Model/ResourceModel/Item/Collection.php,269dab9d10a291e377800cbdc5fd92dbfc0e79272180ddc0e38ce3bcc53ed081,801
Model/ResourceModel/Item/Form/Attribute.php,cab75f706724672fa89a1a125e094f31baefa5ba2bdb500d1d2d02e178c4c055,575
Model/ResourceModel/Item/Form/Attribute/Collection.php,bbf14478a57a1345a209272e34215a3d43d348ce2353d8adbdee913d52ac6a7e,1273
Model/ResourceModel/Rma.php,41f777e1b537fc778c3618e6dc42ca0afc0cf7f859b33f4acd2a0bd9d05f53d0,3245
Model/ResourceModel/Rma/Collection.php,c4b1f14c0cedea9caeebf7281f395d79b40d11b17fd6163e779776873cae53ee,669
Model/ResourceModel/Rma/Grid/Collection.php,a44728c0cff758ada647820728f057ab76f65e34f1b3ad00ea57765f284bdfcb,1857
Model/ResourceModel/Rma/Status/History.php,19d089d2dd0685ec001be58accfd87191ec77caccefbce78e1aad79e6d805de3,622
Model/ResourceModel/Rma/Status/History/Collection.php,56cf93ef01c38060a3eff287b70ab2e0a52245d033c49277a55f577d0049e500,726
Model/ResourceModel/Setup/PropertyMapper.php,723394d583024c9b512eab4ee3fc6bb2238342f148ca4b1e0bf73d10f2ced815,1140
Model/ResourceModel/Shipping.php,621bc77fd51a7d0ec4c8fda75ba26244f3cdaeac4ad10ef0f3471223970c6387,1818
Model/ResourceModel/Shipping/Collection.php,3977795649bfc1e92e38fc4c4456bf7bfcf987ccecc99efafaf48b7b7bfdb997,690
Model/Rma.php,fdbdc8d49d3359aa3efe86de4541d78b4a5949f475ac314e19cdb02dce2103e8,45118
Model/Rma/Create.php,092fdb755d8d8ffdfcf99a03c595f24c89d07f4c67dd77fa3cbc266ea568779f,2766
Model/Rma/PermissionChecker.php,7b69d679428e207aef9b747ebd077111310782012a49dc56849a588fb9b4f1f7,1680
Model/Rma/Plugin/Authorization.php,08e961922350825c93bc55b2edb02feebc078b69e3cfe01d74f9f53d54aae994,1488
Model/Rma/RmaDataMapper.php,c1f9db1a984237f9cca13ee5b286199a0387090700c592b0158e1f345dd04bf4,3955
Model/Rma/Source/AbstractSource.php,bb337a64541fcca047f88d715784d3c1e97402dbb1e5ac9db5b0171b9ffc9a9a,1502
Model/Rma/Source/Status.php,fef694f671410f67fb1cd30d198fa3e512b39ee1e02a7dff3470032cb0019469,8165
Model/Rma/Status/History.php,3282303bcfba9827f35f794ef2ca8050b57ceb21739e14c86444dd2489e1146f,19283
Model/Rma/Status/HistoryRepository.php,47a5296995c198aa23711cdb247ca90de601ef4724ec6126a193780f5d916d27,3602
Model/RmaRepository.php,ad1ae8c5908581b279b8f5d451a6af29bdfd4d902997c81c3ffa01356137ff64,3329
Model/Service/CommentManagement.php,cacf8153b4becadf2bb503225f864de496c4555cf044a06f19f7da8264be72af,3339
Model/Service/RmaAttributesManagement.php,eb744a51f79710945a99e57fbc6fd7372a046cade8c6ceb839dac5c18935c429,5276
Model/Service/RmaManagement.php,62028af05e4b9ef801707e39ca27d103e4de60ea0c81856144f43167fcbd5eb4,3349
Model/Service/TrackManagement.php,48ffec34ff2f17964d046341c173d28cd0cdf1e55db5f4534b51c415568a0a49,4564
Model/Shipping.php,b70a7d37423ef278acfd294ccf4e935d007893c19e00362c14091be74a6cd54a,15357
Model/Shipping/Info.php,3b8e3eb59eaca913fac686572353b4bef165078b860ef415356949428368bdc1,4321
Model/Shipping/LabelService.php,c7db4696ec4ecfb061305ac4daffca089e31a2be980ea41fbb9cd9d52963f0bc,9565
Model/Spi/CommentResourceInterface.php,579c8322fe80842b7366981b7e1de8708539e4312e0860b8284b599921518fc2,970
Model/Spi/RmaResourceInterface.php,5d7e3df33030ba63e5394a4e3feea5eeccb676ecc7fd95a517e6d3b081fbb223,962
Model/Spi/TrackResourceInterface.php,281c7d4c7daa6c0ddfba3aea37b3c5d83024335bb6824ffdc995975c63e09487,965
Observer/AddRmaOptionObserver.php,eee973d1cd9cee86ed0dfd3f813260de77327a11091a6cf9f1dca138996b935e,1372
Plugin/Catalog/Controller/Adminhtml/Product/Initialization/HelperPlugin.php,f2914feff1500d7c3139e5d5a0d43c12e144481332ef3cf8d43c32e727da5fae,1228
README.md,8816ad719d42e9b525ec8e55d668b3ac3392602c76ad24a95e56466fe3c10eb8,70
Setup/InstallData.php,0275ebc2b38b1b11a971a09b673038074db301f31d89d0d1cc1ab82e8e1c431b,8190
Setup/InstallSchema.php,cc4e30848f5764861c64fe8feea733d4f66da83ba90dbca6e2d59d4e4d0d00df,36357
Setup/RmaSetup.php,6f51e698ccab6550d3060db83914255328893298acf97eb4d08820f4fd54157e,6424
Setup/UpgradeData.php,343ec8b02babe948bc8b0f84eb5c3f36fb90867aa52541364ee01d73bf151413,1998
Test/Unit/Block/Adminhtml/Order/View/Tab/HistoryPluginTest.php,d574adfe918746c177cb085a8e0ba0566de42e666269ee5dbeb89895210255c4,7183
Test/Unit/Block/Adminhtml/Order/View/Tab/RmaTest.php,879c395ecf716fcf5515917a9058f0714281f11af5daf730f627f1572712e304,1722
Test/Unit/Block/Adminhtml/Rma/Edit/Item/Form/Element/ImageTest.php,8e20a3bc1af195c68c8a951c5343fc0e692ff8ec2f76f678720945240f5829bd,1428
Test/Unit/Block/Adminhtml/Rma/Edit/ItemTest.php,f06653d93c15b0ab0b0f36c8abc5cd9f2fd92e75a45e700534609811462c88f6,6744
Test/Unit/Block/Adminhtml/Rma/Edit/Tab/General/Shipping/MethodsTest.php,9e67c2ad947875c546044df7a59874ea88dc58cdb0d60b6d07e263fe9c94d793,1894
Test/Unit/Block/Adminhtml/Rma/Edit/Tab/General/ShippingmethodTest.php,ccf54086490e75e7c9c648ddc35976e940605f97efbbfcd4e85275550d6d0d85,2868
Test/Unit/Block/Adminhtml/Rma/Edit/Tab/GridTest.php,492e8e034122f9abf9acdf3d5dc56c9b04da37c2b1c9fabd4e9edbfbf6b2b4de,3349
Test/Unit/Block/Adminhtml/Rma/Edit/Tab/Items/Grid/Column/Renderer/ActionTest.php,96bc45ff24fe101d82793fb259bbffdbc843bda6c16a50a0d5fd5540c8c2d555,2068
Test/Unit/Block/Adminhtml/Rma/Item/Attribute/Edit/Tab/MainTest.php,9c1f553909cf0ee67b48a7fec26d84d879096da365c8524c9b4423f717ef92ed,14301
Test/Unit/Block/Adminhtml/Rma/NewRma/Tab/Items/Order/GridTest.php,78c6be0774ab64395cebfe1ddc0e25f33be2ca828273db0005e11fdfdbb84f82,1669
Test/Unit/Block/Returns/ViewTest.php,53f59c4982caea25b08194ec302742a1da14688118980541c8d2a9124de2f004,1767
Test/Unit/Controller/Adminhtml/Rma/AddCommentTest.php,8f4ffe86a968b4afd49f6fdd8a59c32813c511d2057c17d2600bbd2cca585973,2704
Test/Unit/Controller/Adminhtml/Rma/CloseTest.php,e6f216360601dd023d49115d219bebace887b06adb1dc16920fa47e7a45a6524,1197
Test/Unit/Controller/Adminhtml/Rma/GetShippingItemsGridTest.php,f9c166c38f7ac5dc02924479d8fb81f6b50e2a2f135946c9f5c8e1df828957e5,1350
Test/Unit/Controller/Adminhtml/Rma/IndexTest.php,911ba49c3992f98f000d40ce2c656ea0ffa298e6a8ff31a677c034efe58a6e59,2311
Test/Unit/Controller/Adminhtml/Rma/Item/Attribute/EditTest.php,cfc5d651b20323c6c4d3055c158244f5dd68cdffcdf954bfa37dd3cabe25b4cd,13053
Test/Unit/Controller/Adminhtml/Rma/Item/Attribute/SaveTest.php,4b810f63de14d5c53504a3675d88263e200834441471ae563548ce782c68e58e,8673
Test/Unit/Controller/Adminhtml/Rma/LoadNewAttributesTest.php,1967d6af3c2b64cfd12fb7be1992924d986fff1146e162ea23d1de0d9ea504ed,9230
Test/Unit/Controller/Adminhtml/Rma/SaveNewTest.php,f8777440ba1ab4e95a7590e4f4ff279b672e00466556e664fb8d15cf0205a788,3239
Test/Unit/Controller/Adminhtml/Rma/SaveTest.php,0667d227e694f3c686f9d483b1643a4dc0b059e7bcef21a5c05f753591853713,1762
Test/Unit/Controller/Adminhtml/Rma/ViewfileTest.php,d328e46175fe77b1e29d0bf2b73aed181094a7feea0974b3a5379888c8966e00,6929
Test/Unit/Controller/Adminhtml/RmaTest.php,032f565af437d89ac1a8813d1541b876a68bf26b57b610a80e83d8179fa2c0be,9296
Test/Unit/Controller/Guest/AddCommentTest.php,e516311116cb2da28e4a0be389f55ecdf95ee58f412c76ddd0f810fcde99154b,3264
Test/Unit/Controller/Guest/CreateTest.php,f62b9d60e96637c726bfaa281378edd6a7c78739bc8185b7ae6ee9ed44f09199,3424
Test/Unit/Controller/GuestTest.php,0207a6d758ed87346b30347648e5d057928403e062d7cbb8ff3660d8542ebb37,4677
Test/Unit/Controller/Returns/AddCommentTest.php,dfd8f144ebff90a1f0c0f3fb68b218603892bde8af5bd504a2b7c118f66dfb33,4917
Test/Unit/Controller/Returns/CreateTest.php,3b2f86fe2c523ea61a8a4cbb9e3c4facc48db1d000923bb83c3224b8190f8e12,3769
Test/Unit/Controller/ReturnsTest.php,7e3e4287526ae4677d2ae355b2cad114b01ddb07ee287f3d6f538c9e853b71bd,3603
Test/Unit/Helper/DataTest.php,a5379cb3b864f7da27767344447386ab21df1e5a8ddec1c7b6b59f9e4b388192,14066
Test/Unit/Helper/EavTest.php,70eb04123caf916696445e2d8f8f047c2229b591580e411e0f8df315776365b7,2106
Test/Unit/Model/AttributeTest.php,768ed90e1814f7914b1ed1dd31b4f40d9d7f07b58357dc5655bb6beabeeb5821,7267
Test/Unit/Model/ConfigTest.php,c7183bc4236b05b4e2670c32ffe965b5e37c787bb6584557e72ea8488d470051,7875
Test/Unit/Model/GridTest.php,587fec5cf7ddc4ab3f2269561823929956ad89acb84d6ef42fc38dcd358d8d69,2663
Test/Unit/Model/ItemTest.php,b55a463894fbd8f91c5bf4207c58e05dc5cf154077b8058bd91da6eb49bd54f5,2583
Test/Unit/Model/ResourceModel/ItemTest.php,e004b7ba3a5f4a57a21998451a81b77f33956e9feff143040135efc66369e1de,15395
Test/Unit/Model/ResourceModel/RmaTest.php,094273b814ad61414c3fb5d67ecb82b2fbced58528b8c9fa2691007845a03789,5862
Test/Unit/Model/Rma/CreateTest.php,168087b86e8950d909a16c86836dfe8a8935b5820f0d3712ad41767860f559cb,2912
Test/Unit/Model/Rma/RmaDataMapperTest.php,d06d6b2254bc5c762199f678e2230f95b1dc36e55c1bc1df591f05761fea8e42,6490
Test/Unit/Model/Rma/Source/AbstractSourceTest.php,c3576db4549b5d8376368a65e5bd6bda555dddd091db428f5e68af95574f5d1e,4444
Test/Unit/Model/Rma/Source/StatusTest.php,037369504e7f78f4a9549186e523463780af9ceffcd73987c976b6a0b242c4bd,8846
Test/Unit/Model/Rma/Status/HistoryTest.php,d0129c44071d50b39066cd2509b7eda7f2c4a817d4a4b524b0056951fc83fa3a,22377
Test/Unit/Model/Service/RmaAttributesManagementTest.php,4aec774aee7c9893edc6461f7cf794bfc69dae0e5ade2a8fb30a431654afb39e,7026
Test/Unit/Model/Service/RmaManagementTest.php,dd0facda0fd25a2186bd5b73241a389fb47c7404dcec3842155694ba775f044c,6190
Test/Unit/Model/Service/TrackManagementTest.php,03db3e181a675291394ae0c2f221f2663cd48cc8e2e76a42dd4afb80157d0ff4,10116
Test/Unit/Model/Shipping/InfoTest.php,a5e2e02c1af1ff1fb2ac4d638a27ff67ec78282702d229c199430df4b25c766f,3925
Test/Unit/Model/ShippingTest.php,4d3783b24b0dddca8bdf092ff33d9fcd63e3950690aee42d3e5e6a1d5766fde1,3816
Test/Unit/Plugin/Catalog/Controller/Adminhtml/Product/Initialization/HelperPluginTest.php,54c97677aab2db977503b652a6c53cbf89bb6a2142e5963db4e6ad5f8a697b28,2596
Test/Unit/Ui/DataProvider/Product/Form/Modifier/RmaTest.php,5b1e08dd37cd3e5833d5e8039026a5b3989ade76c0cd70048eb18f801cb405ed,2510
Ui/DataProvider/Product/Form/Modifier/Rma.php,ab8016f5395435dfb39d72d07efd315a77d0b1d3d8ea6b2c311325494bf11608,4345
composer.json,05b8a785c592b7ee1a4420ae6f5cd2806af2422527cc6be1655520a7a47ca2a8,1288
etc/acl.xml,4c2822ebd79fe0f52af8ecace690131e260403a1708e9b63573f1cec00d2c06e,1021
etc/adminhtml/di.xml,6768c8e5f976107f6a8803b8b204646a4930a11879db53627c17d16ad1cab618,1018
etc/adminhtml/menu.xml,52a7954188dab884179097e5af3e73fbdb04dd7baafa8aba74363ce2b4f83899,800
etc/adminhtml/routes.xml,ea68f0310b4cc633cdad05fe76d3306fe55ce89656083c7bad017bc5b89802e4,414
etc/adminhtml/system.xml,5f2774ae357548a17b47f64a59cdfd3985639a5e1d379635d4aeaf6526f8ecdd,13830
etc/config.xml,e6e64886fc3b0c4781c7b7c356db13e0a535f3f88a32e2781b5cdfd4b93152b2,2027
etc/di.xml,51d6bfa428f91d7c4e346bf8371d2a944c2f39ec60b5646d453ba856876be16a,6292
etc/email_templates.xml,478b75920b5c5e70150ea5c3147c2117071cd2e76746b606b4d2f4b690481529,1436
etc/events.xml,48bd7f815c9cc130a7028caeafed526a145a05d573cd20bfd6f3be46cfe494f6,459
etc/frontend/page_types.xml,e1d213bce97fb8617f8b6dc45b2ea4621a096ffbb66743e0c19ce6d7b2f88bd4,1188
etc/frontend/routes.xml,2828cd3cd04f9b72c1118ef0c6180b3d9f21e85f378cc677365fb052cf756a29,435
etc/module.xml,d182c7bc816d08708d59890e2e340daa0c047e97794113de9cc07f13e73ac66f,528
etc/webapi.xml,778e3c2843351f5f3f2a649fda234068b96c6250300d9ed24c87294e9549a3f0,4210
i18n/en_US.csv,a69d77f053a3e9a42c521b7c42e079c5139b32068d83ec6992f80bf9e3d9cac5,17558
registration.php,8273014e7c3779103ad2e0762472f4e14e75f1e3ad890f84bc689db37cba5977,270
view/adminhtml/email/customer_comment.html,02f51f6bd21bfff404566da814553335246045d72f6c055f25c3d1e26705877d,526
view/adminhtml/layout/adminhtml_rma_addcomment.xml,879e1ff397fb7c7425437f042f73677020eb894dd32416f55c232baa6acb415c,491
view/adminhtml/layout/adminhtml_rma_addproductgrid.xml,2aeb6e641e8823ed52b74ac450a37d574e6c4ade60e4b8c8231c97fc94b23030,456
view/adminhtml/layout/adminhtml_rma_addtrack.xml,39eebc02d9ef85e1fbd0fefba1a6ae3fa7b48a013488a0667a439c6244431775,504
view/adminhtml/layout/adminhtml_rma_chooseorder.xml,2f592905ca40bbc5c67a8680625113f319702fa19fa5e57b07732207aba4bd0a,914
view/adminhtml/layout/adminhtml_rma_edit.xml,0c6fcc269dfe682b19e184ba844436c7750161e66fcbf504e93c90605687182e,3529
view/adminhtml/layout/adminhtml_rma_getshippingitemsgrid.xml,9e2ab86e00f1d1758be63d8d3d8b8fae3edb24b9d9ab8db66a49646b8be47ad6,511
view/adminhtml/layout/adminhtml_rma_index.xml,53f36f737199d70aa8afaca086724216bcea7cd490dd1194900e29beea53c98f,479
view/adminhtml/layout/adminhtml_rma_item_attribute_edit.xml,de71183b11e0ddc2430f3d73c34ef2d92b30ecd93e7ffb9a0ffa42de1f317f67,1807
view/adminhtml/layout/adminhtml_rma_item_attribute_index.xml,3b4dec7982795e672de1d1139d271460f36f7d3be68116b6cc591f692cfd9804,509
view/adminhtml/layout/adminhtml_rma_item_attribute_new.xml,73b4511545910d3c5337f15bf78977a7cc8e2f06e7839267480d4ece1f22af15,389
view/adminhtml/layout/adminhtml_rma_loadattributes.xml,835173645a3cccb54b041120c70127da881376278642e52a4c5e69dbf8868184,443
view/adminhtml/layout/adminhtml_rma_loadnewattributes.xml,835173645a3cccb54b041120c70127da881376278642e52a4c5e69dbf8868184,443
view/adminhtml/layout/adminhtml_rma_loadsplitline.xml,4cbc728c5608822cf1ae9c213c8e9ee43f4f46543068601cffe93990a7864721,459
view/adminhtml/layout/adminhtml_rma_new.xml,46d9f5b23af538f1be678d9c7a4fe6995b137252b9c1729098d4de8b35d2d788,3136
view/adminhtml/layout/adminhtml_rma_psl.xml,d71aa9ea325d3ca6115367f8386ead60aa3a528f0c96b97fe3664a3002714e90,493
view/adminhtml/layout/adminhtml_rma_removetrack.xml,39eebc02d9ef85e1fbd0fefba1a6ae3fa7b48a013488a0667a439c6244431775,504
view/adminhtml/layout/adminhtml_rma_showbundleitems.xml,80d6e426347b7441fcc1df9f5206317de208e8359bb68ad3b9bddfbe406942c3,483
view/adminhtml/layout/adminhtml_rma_showshippingmethods.xml,aef296ef971ed7181e8843ac93ff50ab771e43c9fafac7b1c0b645a51046a60b,515
view/adminhtml/layout/customer_index_edit.xml,63e319acd59050b4ef40274c14d1ba39c2a414cd41786f909bae374f4b8f5388,746
view/adminhtml/layout/sales_order_view.xml,c5feb2205bde6efa62671ff24cd3f753f1256e68f760114f8200c17a5782f194,1178
view/adminhtml/templates/attribute/js.phtml,77073d9462e6b354c5fbd487036daa3aa20deac13a12c9af6be9b773a018d300,6448
view/adminhtml/templates/create/form.phtml,f82e7376c86a88c89443ba9c95800f09ca8f722d10b3e9d48af57af32197641c,424
view/adminhtml/templates/create/order.phtml,9f2805c48b8fc9092780ae31aa198965a9f52e1b177f48d40e07213c993d73c9,554
view/adminhtml/templates/edit/bundle/bundle.phtml,66d398dd28b4f05832245d606e8d30b1f762336372091145940331700f03165e,5215
view/adminhtml/templates/edit/bundle/js.phtml,d108845ca89f0bc4c39ee405dee853d47fd6e7078d308237e25dd17f5c2d70be,721
view/adminhtml/templates/edit/details.phtml,4155b66198ba6627fbeeb899bbfb94e683b4bac75588aebb2623e092a3bba209,330
view/adminhtml/templates/edit/general.phtml,3408f9c562c0d4adb69547ce14f4a3ddf6e9b7da485f9d130390166c2d3f0c92,1520
view/adminhtml/templates/edit/general/details.phtml,1ee33d4bdd3466c469e01a63018d3e10732514a6f58e019d37bda77b82ad17ec,2356
view/adminhtml/templates/edit/general/history.phtml,1a058a0b101214126ba064a6cdcda03c8f269605dbca8a369a8d7c4330fbcd00,4976
view/adminhtml/templates/edit/general/returnadress.phtml,d6b38a6948a863dcbfd813508060209e9c25ef65a9a94e17cc66aaa314c5b791,628
view/adminhtml/templates/edit/general/shippingaddress.phtml,2da0e23a291eff5c8cf722036c3c5ce19331c26faa5a673f55a20a606c748606,732
view/adminhtml/templates/edit/item/renderer/fieldset.phtml,af089c22510b6e8b6ed82bcc3913bc2d04b88cb09ee9ecfe3edab5a5d905f5f4,2115
view/adminhtml/templates/edit/items.phtml,80c882e03e8eadabed42ae75a173e6a4cf1dd0a722678f89b0a398104d813ecb,644
view/adminhtml/templates/edit/js.phtml,7b9137d8d6b31105504572d0e31390feab07e88122e824c011c5d8691361af64,1542
view/adminhtml/templates/edit/mask.phtml,ba35ea0cc6803a16e684f4b92979fdfb6e9a7aad8d5390717f35888430846a8e,176
view/adminhtml/templates/edit/reason.phtml,26414a4af4f336446c601fc39bdf939213aaeaf299f21a4ebb1a38c98551617f,747
view/adminhtml/templates/edit/shipping/grid.phtml,31906a4d8ec961caae8cd9f8162c1f320fc734f2acd52d91253522eeae3e4db2,4554
view/adminhtml/templates/edit/shipping/information.phtml,b428e9b6603e2693e2829d0e2598e30dd30ec3e7c661fbc836bb8da33f168c40,910
view/adminhtml/templates/edit/shipping/methods.phtml,097a332d596da62fea56d9b271736787eb665179d7b15a90980ac1285b14b3d6,2380
view/adminhtml/templates/edit/shipping/popup.phtml,f50317523fdd9a7ed46a4d289b9fc8ba5ecff5713421bac6e9c18cbd4c019df5,822
view/adminhtml/templates/edit/shipping/tracking.phtml,309124481930a9d92a25c2deb29bbf70d344cf795e6ce802ffa359c0f0c3f322,4349
view/adminhtml/templates/edit/shippingmethod.phtml,d68ea312fbe5397e099fade37c49b0ebdcf93c9fe9111d370d0b872f73a0646c,2309
view/adminhtml/templates/new/general.phtml,8a9314abc5efad9147e0f332d60da8194dd8ab9652a804c453954a81c42152dc,1679
view/adminhtml/templates/new/general/confirmation.phtml,7b9d980cd0d84abcbb9df4a422eeaa2aae1e329dbbdd0f04ef8e3a1ddba4ac87,1544
view/adminhtml/templates/new/general/details.phtml,c075779173f0353633753af2ba93ae5803c5c30149de169e017137d4a71fc7e2,2125
view/adminhtml/templates/new/general/history.phtml,7a1345fdc93e63083b3d689344ef75b50c41f205a00e93c1f3869fb0454aa3ed,1685
view/adminhtml/templates/new/items.phtml,0f30306117df5ef893d064c5cfd0d6ea6fbcd8f3b50ef93dbbb61cb720a0f573,1246
view/adminhtml/templates/new/items/renderer/reason.phtml,52443d24d97375f09b6627a665114b4837eb9fa0a05b63a4aa58758ba307b516,1119
view/adminhtml/web/details-validator.js,e39c643ebe012030a451f8456f94f0933d6a69cf1133128b41bc25c2faf63182,1516
view/adminhtml/web/rma.js,bd0db63c36bc09d92dfc7819904608b90836325fb3e61434e065437eb137e99b,33430
view/adminhtml/web/validation.js,a8b7d3af071fcedfb07a2d69bc284898a6bf39f1e45fe5f6886ab3ec293213e9,1020
view/frontend/email/auth.html,943d635bd2f047ff7df547cbaef92f45e87ee21262df173048a36b37f69d4515,2686
view/frontend/email/auth_guest.html,3f658b50f30437eaeac38805e73c74c78aa10e91fe716a44f734ead7b32070c8,2391
view/frontend/email/comment.html,cfa50d9223ff0b44ec051c3be6d29830d9564d4fe41fe10d524a98a514a91fe4,1710
view/frontend/email/comment_guest.html,dd876850ef96f5804ef122dc3907796151f9ac917554c2a53fdceaad8e9f1452,1576
view/frontend/email/new.html,975a76718fdae4834ac60547cbdc37824234dc6374e424842fbc946cc059021d,2341
view/frontend/email/new_guest.html,9374aa5d206f57851983e01400e2a6ad9eac63b8bb67e7b1885db25ba55b4405,2325
view/frontend/layout/customer_account.xml,989737f5312835827605d544090f39ea46340c2c16f386660acc1cd2a431a929,769
view/frontend/layout/magento_rma_email_rma_items.xml,8dccf290ed5a39599509585e8bbbe0c82d20f5f1b451bb512dc5f53378446279,515
view/frontend/layout/magento_rma_guest_addlabel.xml,36ca3c4d4f0dba3f42e403770aa9f0c68751a413f68425f74ae0e2b2c750bbb1,474
view/frontend/layout/magento_rma_guest_create.xml,7099bbae3bc9b725c552c1bb2e675556e677e7ea8f037a09fbc9122726369141,1397
view/frontend/layout/magento_rma_guest_dellabel.xml,36ca3c4d4f0dba3f42e403770aa9f0c68751a413f68425f74ae0e2b2c750bbb1,474
view/frontend/layout/magento_rma_guest_returns.xml,a548506818c2d4ec9caf94e635a726f8ccda4a95ece6584eae06d5db1bbfec74,1430
view/frontend/layout/magento_rma_guest_view.xml,0348d70d8146e8209ee2562e9af21f8f56fde88c0cef61c4fcec6e6f4eba322d,1470
view/frontend/layout/magento_rma_returns_addlabel.xml,36ca3c4d4f0dba3f42e403770aa9f0c68751a413f68425f74ae0e2b2c750bbb1,474
view/frontend/layout/magento_rma_returns_create.xml,2a5e8f279dfc10af053c12443aa0c085c9158e6de7232b09b3675cb55b115847,1468
view/frontend/layout/magento_rma_returns_create_handle.xml,de3146b34b85cf66184ee95ade22a3de0d192d2259b33ae1cc92493bc90e1456,1538
view/frontend/layout/magento_rma_returns_dellabel.xml,36ca3c4d4f0dba3f42e403770aa9f0c68751a413f68425f74ae0e2b2c750bbb1,474
view/frontend/layout/magento_rma_returns_history.xml,54bdafd78c0d5d8ce2da4c2d9ee3d6cbc82fda16de219abf05ca9b0a3e3fb55e,1078
view/frontend/layout/magento_rma_returns_returns.xml,5c36c120c71c218e014853b7f714327b520232976ebae66ed67e98e4da1e1cdf,1384
view/frontend/layout/magento_rma_returns_view.xml,244a0988109faee121a068f8196291d6babb7c6dd8b8ee74fcb85a6951397694,1453
view/frontend/layout/magento_rma_returns_view_handle.xml,1dd34014ff18f9be734cb7fcccdf2fdd88449bcd16189fa69f63475f1a4c00a4,983
view/frontend/layout/magento_rma_tracking_package.xml,2e5bad13094e89d601a279016a384bd81d41b3f03d94dc2da6fcdee2ce3403f4,763
view/frontend/layout/magento_rma_tracking_packageprint.xml,2e5bad13094e89d601a279016a384bd81d41b3f03d94dc2da6fcdee2ce3403f4,763
view/frontend/layout/magento_rma_tracking_popup.xml,8cb95cc7894876bafcc56ffe385290ad0bee79564a93c32c8cf8fc34834b13d2,578
view/frontend/layout/magento_rma_tracking_printlabel.xml,2e5bad13094e89d601a279016a384bd81d41b3f03d94dc2da6fcdee2ce3403f4,763
view/frontend/layout/sales_guest_creditmemo.xml,a024ff794e8a2a8ad96f16eb8550e9db73ab4707bde5c6e31d53522d7b1858b4,952
view/frontend/layout/sales_guest_invoice.xml,a024ff794e8a2a8ad96f16eb8550e9db73ab4707bde5c6e31d53522d7b1858b4,952
view/frontend/layout/sales_guest_shipment.xml,a024ff794e8a2a8ad96f16eb8550e9db73ab4707bde5c6e31d53522d7b1858b4,952
view/frontend/layout/sales_guest_view.xml,a024ff794e8a2a8ad96f16eb8550e9db73ab4707bde5c6e31d53522d7b1858b4,952
view/frontend/layout/sales_order_creditmemo.xml,ab57e11f7d94ce54a5a388776c24c62354628fbb04047341d059a6899dc97838,687
view/frontend/layout/sales_order_info_rma_links.xml,b923a8af22521efb952a30b1042a1372217070ca831c8697fe4faa63fecf6ba7,796
view/frontend/layout/sales_order_info_rma_links_guest.xml,af36ded2ad3902ab9b9a7d555a4c0e9da1095740e5bc63d7c92839db28792b71,794
view/frontend/layout/sales_order_invoice.xml,fd71314d82b73bbe35a78ee81a2dcd1dd2f3822b207c3b5fda2bec14841e8c09,954
view/frontend/layout/sales_order_shipment.xml,fd71314d82b73bbe35a78ee81a2dcd1dd2f3822b207c3b5fda2bec14841e8c09,954
view/frontend/layout/sales_order_view.xml,fd71314d82b73bbe35a78ee81a2dcd1dd2f3822b207c3b5fda2bec14841e8c09,954
view/frontend/requirejs-config.js,dc56b2c80d910b6ae47ca5a232b54bf087cf7b164d36f0c53489e947c6f048a9,281
view/frontend/templates/email/items.phtml,f9a272e1ab7278665b6e13d74be4e558571f1e4b4d4d40d5c37d5a571ca5538f,1944
view/frontend/templates/form/renderer/boolean.phtml,bacd055e95c373049cd923dfff554ebc5bbec64c113850de6de2e2230da76e1a,1423
view/frontend/templates/form/renderer/image.phtml,a6a786ed70cbbfcd57236feeb35ec567c8f273540ff125bcfb711f220f27bb21,1153
view/frontend/templates/form/renderer/select.phtml,41e1ea0fbe1dbeb804bebdc1e8180a01d2b10eaac30f7add5f327e945bd38a77,1651
view/frontend/templates/form/renderer/text.phtml,b0993cfba459d3f9ba957e06d6cf7a458d825cbc6814107439ecf88deccad7e6,1155
view/frontend/templates/form/renderer/textarea.phtml,e1ea7f9f9a2cf2e94886d9c44e56c4cb1b7c6dc010acc8d32866864d583d2d3d,953
view/frontend/templates/form/view/image.phtml,9331ea4f65d2e3d650ab223e186cd007765e27b47d397945d0b78756c16a9ea6,612
view/frontend/templates/js/components.phtml,6f966a8d6eb7d772bcf9d94b561aa8871d5c33538ba1d56eb8fb16a74a38642d,187
view/frontend/templates/order/button.phtml,710dab3b2f40d5f318a151b92628053af35bd6099d0286d3e71a1a050b6f14b1,531
view/frontend/templates/return/create.phtml,0af77b0aed7d8950105b0ea40b627d4b17cfcbc3eb65ba82f5d8f39312d950bf,14313
view/frontend/templates/return/history.phtml,48584e58c227f912a2f1d76fc9bbf1c9671edd562e7acf3b4cfc405184d90463,2808
view/frontend/templates/return/popup/package.phtml,b44bf2cac5d895be264c72f539558a56acafa12051c223a7d202cca499dcf23e,5844
view/frontend/templates/return/return_status.phtml,3f7c65870ee0890781c1c8c927c2138de11232faa0329f7b118ae1389863228e,333
view/frontend/templates/return/returns.phtml,1e4724dec33dc6c7cb68a389f5d12ac2cc0337bfdb78d0bfaf016613e4e2c8a6,3395
view/frontend/templates/return/tracking.phtml,a163be88b8a3f734c0ebf1db1ce31f5acdce1e73fa8289c746efb800d2d12774,2255
view/frontend/templates/return/view.phtml,786252d2578ce5f94645c7b125a42aeac3e69cc40bed393407926d59e7ec5a64,17184
view/frontend/web/rma-create.js,d001c05873f370642806c1604ce0b80822e210db4b1173b06b6264bd3461e5d0,20274
view/frontend/web/rma-track-info.js,d73a6e3494cf344748f9b418d39449026688905768cb9c1dfb6c6226fafb83a4,3445
view/frontend/web/set-options.js,fa5a42d22c0c0fa2b819cf47b588810a3907980ecd53d27d4719e4a00b1dff26,442
