path,sha256,size
Api/CommentManagementInterface.php,3f965cfdbcf02a402f68e9c202c3e7647c5e675ddb3e08c5480f2d06110b3540,646
Api/CommentRepositoryInterface.php,18c92138dc9757b61d34b541b42e7c730662dd1806e48dda754ac74f645d43e1,1227
Api/Data/CommentInterface.php,159542ca309d00c3fc593e8d97fe2dfa7973a6877eb0b1038a79915808c9053d,3083
Api/Data/CommentSearchResultInterface.php,24db99996e52f39df0bdb8cff42e865b6ad0b4671a7863c80a03e5760fe84f88,650
Api/Data/ItemInterface.php,b1f699a4094981b94f8d57ddef73aeb905e6736f49cf5833e3693570c05a55bd,3800
Api/Data/RmaInterface.php,1edd7f5e7d24a9999f9274003da8afb965f85ca648966ff7483723dddc79998d,4363
Api/Data/RmaSearchResultInterface.php,edd8668f9b16ff0e7e91379b0cc1cee31720c78408d3a7b9ba7229e05437ea68,604
Api/Data/TrackInterface.php,8cfd58c3012cc5842019c447eea4499b804343709d0d14639d171fa9325b9693,2227
Api/Data/TrackSearchResultInterface.php,8bb7234ceeacb2b842130091cf5ddd1121dc0c71ccab5d9402e7644633db8939,612
Api/RmaAttributesManagementInterface.php,fdb1f6c0627b877797939fde8ac8fedf5b88c49f033b7b0a33e171c4d8a89a61,1539
Api/RmaManagementInterface.php,505908c1c3984025b02442e657b9451d408f5ffda005570fff40bd8e9d81bae3,792
Api/RmaRepositoryInterface.php,a0717fbdc45c8d3ab60b064b32398ca34b3b818a64d923bb47ef64e97240c2ce,1302
Api/TrackManagementInterface.php,b537e15bbb59f21a642a46e5ea7801e62ce1ae8a5c3f3bd711882eeb638af562,962
Api/TrackRepositoryInterface.php,fda72c17b41620854ea7f079303d5665d15420aad1ec681ef64e34caa167c80b,1226
Block/Adminhtml/Customer/Edit/Tab/Renderer/Action.php,1ce8c56132ac38bb9258361aa337b45259d530d30afcad1ddd116184883b21d3,1060
Block/Adminhtml/Customer/Edit/Tab/Rma.php,6ae12e9f356292136edd3fed8838e7e15a23a95ccd8e80e64ac8f6e231bcff70,5061
Block/Adminhtml/Order/View/Buttons.php,698045c50611df5581986e29194eaee46d1885f1ddd446ae5e7897b48bbdc295,2450
Block/Adminhtml/Order/View/Tab/HistoryPlugin.php,bbdddc377524e804f921e34aa41f01c09a70c0f54080e1f5a1a14d14047835b4,2756
Block/Adminhtml/Order/View/Tab/Rma.php,414e4459f2e225d98651f9845c4131d1d3c3a8f967fa352011d774d9969ccdfb,4753
Block/Adminhtml/Product/Bundle/Items.php,d9bcbc0e0a2514bc89dcb378f57712c10a990f8bff69e7e9717bece76161a22f,1280
Block/Adminhtml/Product/Bundle/Js.php,d5313ec013d741f7fcac5b8fed89df9280996a25807f772e8c7db9fa376fb5a4,1473
Block/Adminhtml/Product/Bundle/Product.php,7c7ba38d528f71b9ec21de9aaef945872bd12bd36bc36ec8edab18dcd704d5f6,865
Block/Adminhtml/Product/Renderer.php,ece8b435678553a3f135331f335c276d3ce13f47e9eb7d108d918df81d08a23c,693
Block/Adminhtml/Rma.php,d1aae67566ecc4a13b4b650d06551da8ca44343569aea809dbb7629c62ae96f7,1189
Block/Adminhtml/Rma/Create.php,da88a440a8047c3dfaa2400fffe468e75dbed77bcfa864d5804d6d34a24a515c,962
Block/Adminhtml/Rma/Create/AbstractCreate.php,2117ad2b91fec5248ed0ca034b09430a43514e03676957065c72e925df287ad3,2427
Block/Adminhtml/Rma/Create/Form.php,32883a60fbbebd82d94377f31f9eb3112daee8a7e07bc406e86d47892b9752bb,366
Block/Adminhtml/Rma/Create/Header.php,17cbf13cb24195af5661d365d7d06f0d4f0378dbdd8dda8f62d6b109b68ab6ae,1067
Block/Adminhtml/Rma/Create/Order.php,b76ff911631a08b6192b4c2792dd2622455b9a0af2eefb4f963e469d9e0dffb4,571
Block/Adminhtml/Rma/Create/Order/Grid.php,68e766a37cf669c91959f2138b6871aeda590d56f2c7e14cc8fff144f3282a9d,4758
Block/Adminhtml/Rma/Edit.php,0127f48241974085a93d7986cad9ef0b95e0ebeee39dbdd7f6f46f813d9bd73f,4963
Block/Adminhtml/Rma/Edit/Form.php,6e2697cc941d958facab1bc67d587e360ddba3ca6cd303e0313f9212a5a190c7,1207
Block/Adminhtml/Rma/Edit/Item.php,73d41c593f1fc28f7bc693a904fa4d8e360f882ebcb7bf1e8a94853e093fed4c,6241
Block/Adminhtml/Rma/Edit/Item/Form/Element/Boolean.php,79e41fbb08de9d024cbb24a0c8162c71e4af27cffcb96f63c2280655e1ab14b2,617
Block/Adminhtml/Rma/Edit/Item/Form/Element/Image.php,3a26bb3d8f9d9a5fd228b167e40c07a4c88677f3f37eca8e0f282a5b5c62b1b8,6421
Block/Adminhtml/Rma/Edit/Item/Form/Element/Text.php,0fc3e700bd914c37a94b31b755321c09ae1c884e33e5aa8f7bcb511b421e0118,1578
Block/Adminhtml/Rma/Edit/Item/Form/Element/Textarea.php,dd7e805ab2f9bd8a07229efeec6c15b7caf7eb9c024740659d8ab261143c248f,1590
Block/Adminhtml/Rma/Edit/Item/Renderer/Fieldset.php,628ac7e2d9f98b8be9420550f17d25e2b91a7ca9e3b5abae2ca170de81277f47,453
Block/Adminhtml/Rma/Edit/Js.php,23ab5bae943c9da6e80d5d7c25579c0d5441826cd303952089f807af3b69b4ad,2244
Block/Adminhtml/Rma/Edit/Tab/General.php,a920cf578b736641ec9849ccdae3b55b0cc10e5b5bfbf74822d68e7d594735ba,1696
Block/Adminhtml/Rma/Edit/Tab/General/AbstractGeneral.php,c9bc0233845da707ed28319022df689b680c4bf72b53ae81e6ecb5c351871bf6,2743
Block/Adminhtml/Rma/Edit/Tab/General/Details.php,a4ecd75792da7a60bbf4818d4dc24d77ae80b17336cdc36f7fdd79289a75bda9,1638
Block/Adminhtml/Rma/Edit/Tab/General/History.php,b0e8dfa322aa440f6d98482c96baa5699050f3578da071c9c2d9f9d759c80327,3262
Block/Adminhtml/Rma/Edit/Tab/General/Returnaddress.php,12a0e12fa5f72443e766f90b53ab647913fddb0d7d1c8f12148d92f117f0828c,1665
Block/Adminhtml/Rma/Edit/Tab/General/Shipping/Grid.php,ea551c74a4f7919f545c01868ed6ee130f0af199553147a29a21454b449bd8a2,2256
Block/Adminhtml/Rma/Edit/Tab/General/Shipping/Information.php,6845886477b99b5776fe97b01380ae679f93f7acdcf51672f610fe6786f27234,576
Block/Adminhtml/Rma/Edit/Tab/General/Shipping/Methods.php,78a0c3531b53b64ba172c98c11823fd62a8bf655a1c8e3a7e6abd05b36b338d7,4810
Block/Adminhtml/Rma/Edit/Tab/General/Shipping/Packaging.php,e3827b0b203f9edb734a9dca8287160781f479f97f3e86982b83ba85224f7299,9004
Block/Adminhtml/Rma/Edit/Tab/General/Shipping/Tracking.php,9ad3fa9064df257614e0fd7744545cf7799c02daa8dc2162f7d9d0a3f124f329,4543
Block/Adminhtml/Rma/Edit/Tab/General/ShippingAddress.php,85968eadb3f4a893e0a1468905f045b89281851b9f2a7571a96df52375786f14,1414
Block/Adminhtml/Rma/Edit/Tab/General/Shippingmethod.php,1bca00c79a20d42c752a106463cf6a27765fde561b5a2d31315bf8577be2145b,10980
Block/Adminhtml/Rma/Edit/Tab/Items.php,da4f514fb5809ff00f5521aaac48b551e821b4e68f632cfaa4b111974ee17e5b,1260
Block/Adminhtml/Rma/Edit/Tab/Items/Grid.php,23a30dd7523f9ce8e3864b731c36fcaf8006f6888c94a6eca7428332623cfe0e,13700
Block/Adminhtml/Rma/Edit/Tab/Items/Grid/Column/Renderer/AbstractRenderer.php,e611361b8b2679d0ab9e03a45009c8317814a3891d3d78614ccb0a8595b18a14,2173
Block/Adminhtml/Rma/Edit/Tab/Items/Grid/Column/Renderer/Action.php,ea35001d4eeab1840e40875a5e58a70ce1e13bf5d29e8e124c41ad88ee11aa0b,1836
Block/Adminhtml/Rma/Edit/Tab/Items/Grid/Column/Renderer/Quantity.php,9af6febfeaf06d705bed62161fca9d3a88ccd81da4d6265a4729afbdc33a2de5,937
Block/Adminhtml/Rma/Edit/Tab/Items/Grid/Column/Renderer/Reasonselect.php,9b3f468caa96bf21c23b7319ba83024779b8e625e9cd35c2fcafbc6e9fe701d2,4473
Block/Adminhtml/Rma/Edit/Tab/Items/Grid/Column/Renderer/Status.php,78279a6b9cf12e01ca01336700e4985c91b9eee04c4da12bf160622bece88150,1320
Block/Adminhtml/Rma/Edit/Tab/Items/Grid/Column/Renderer/Textinput.php,a66605c2a5b1b26d7bd4728a2874e4f9e533de61eb21fd12fa2d445426affbac,1757
Block/Adminhtml/Rma/Edit/Tab/Items/Grid/Column/Renderer/Textselect.php,251af46ef2a2a4136417438c3c13d31f9f16576fa739bd185baa338eeb723ac0,1282
Block/Adminhtml/Rma/Edit/Tabs.php,d89c2fe9c9afbb7b40582a59dadd0fa085fddfa7b163baec4ba5f78704b52e22,537
Block/Adminhtml/Rma/Grid.php,0e359756e36550427299f5a1371744c5439b1e970b4064b528fadd28657cd4b6,6481
Block/Adminhtml/Rma/Item/Attribute.php,123f0edf024dcdbfd73b9d534c78702585e5568491a2cb545ccccdfd2a55eb95,739
Block/Adminhtml/Rma/Item/Attribute/Edit.php,7a47a70f662deef87bd42b7a8c0db19232cfd437db6d3d780ad64b7dcfddec3e,3155
Block/Adminhtml/Rma/Item/Attribute/Edit/Form.php,9a4f2b7e1e092be7a5b32fd1cc80f4a13f011607bd4d289854ab66d4c03894a9,1024
Block/Adminhtml/Rma/Item/Attribute/Edit/Js.php,f5a06f088fd7da4f94bb584fea92d794bd73b124b7f7e42a1c08771b04fb8f0c,2864
Block/Adminhtml/Rma/Item/Attribute/Edit/Tab/Main.php,8c3f6a44e1b9247bce1fa70ac991192cedba24dd32cd8b4111fea313177aea0b,14472
Block/Adminhtml/Rma/Item/Attribute/Edit/Tab/Options.php,64f270c74f6d47d496d11054d6bb2254c80c3c5240f638e274830726a5c14f04,1102
Block/Adminhtml/Rma/Item/Attribute/Edit/Tabs.php,efc212cd0017314995fd784dcac515135d35581e3153723b3a420b4b568f674b,660
Block/Adminhtml/Rma/Item/Attribute/Grid.php,226ce9f12ba594a3e60e3942b50db4564d1ed956261ea90d0bb911c4975d3ef2,2961
Block/Adminhtml/Rma/NewRma.php,c54c2753604dde4cf8e360f4e176b07783261c91972c4732568150ef9dbd5666,2999
Block/Adminhtml/Rma/NewRma/Tab/General.php,ac6b0f7ac78da92de8aeaa5ac2c4f8337944e4b3920c8340cf1391102060cf98,865
Block/Adminhtml/Rma/NewRma/Tab/Items.php,9c7b59a0e3784a0a5011f295139dd96c94e1fdc35b9de8a7899a1953657d26be,7550
Block/Adminhtml/Rma/NewRma/Tab/Items/Grid.php,5c981cc2737fa91b86619b79ae5c3b692a5e8e99b2db21cd3355ee0bb182e8e2,10258
Block/Adminhtml/Rma/NewRma/Tab/Items/Order/Grid.php,4b5c820828884a333b1fd9720de384b2b03e1eedcd2f6516ffefe9e8c78b75a0,11235
Block/Adminhtml/Rma/NewRma/Tab/Items/Renderer/Reason.php,4fa4d91d638c8ee641613cec9187182ce810178a2d53bbd2e6afe00fcd16c729,494
Block/Email/Items.php,75ad7ccc8c05de3699eb9ae8f412d23fca4bde4744a271c5b4f8221c77e40af4,2786
Block/Form.php,d9527e18d120810f02d07c6b00725077c72351f6f76a15fa5d1817e3975cf848,621
Block/Form/Renderer/DataProviders/Value.php,6d59301a8017b4afa1860581cbd45ad5f27c55acab78abf25f22d888e59b8846,776
Block/Form/Renderer/Image.php,94217f636beb95a28971e9f24fa0055383ab5987f29371ff0ad3462962e67c5e,697
Block/Form/Renderer/Select.php,e6cae37627a74cc0d6168f7040d5fc5d0f2ef503180fcc358981c761541f6e2b,1870
Block/Link.php,081302ba61fb90353c7cf03bca0e38092001254533e536320c8befa1d86c5401,1266
Block/Order/Button.php,89f9938d26acac29e73447d59a32a242ea75027f07b1042956526b1d8aa4cd05,1021
Block/Order/Link.php,8c54734dbdf17f02954a79df2d4d665a77a34fe2eb1c2ea8fe39d995e09b3ad2,2345
Block/Returns/Create.php,d44e369f4b915c9cbd5794da5d25d9a6fb983afa53a85f83ca1ba1e6ea8335b6,6885
Block/Returns/History.php,650d97f47c74efdead2e0057882f45f7aeec3616884e51fcda92249fd83d11a4,2976
Block/Returns/Returns.php,80ed2edacf90a6cdc311619a9e1a7b2a26d0a23e096758bd2df5b04aae249977,4601
Block/Returns/Tracking.php,15c323b58487d4db8444ed48b9b0290fc86731fb176230147655c36451bfac39,2583
Block/Returns/Tracking/Package.php,bb7af30142e5a7b760070f5b7409d4e8aa40510993cf3fe7417d09c489c75ba3,3189
Block/Returns/Tracking/Popup.php,019d3e94068727fe185bd6864cd19cff49327ba9a569d9c52387b6c494b7064e,1201
Block/Returns/View.php,72ad099413d6e623414f365c1264500fc2176733ed9a56a6a4d0107ceb4c7145,17490
Controller/Adminhtml/Rma.php,640cb94ac897352a9a145be3be9792a43d674dc436d1deaad44e361c00486d89,5208
Controller/Adminhtml/Rma/AddComment.php,c30669ddc69d1e0b5aedf079b2657cfdd6dd28a1abbf74244716f719cee996d9,2155
Controller/Adminhtml/Rma/AddProductGrid.php,1b82835c43cc3bc4a7a6076bc1511faaa45c4d84abde28ba3d46af0e82df7fd0,1653
Controller/Adminhtml/Rma/AddTrack.php,ac72b33ad2f716fee8c7e2f26ab16f606d892031112d628c2cbcb3ee20b5effc,2081
Controller/Adminhtml/Rma/Chooseorder.php,f0f8545b04158c68dade1b46f7c1b14105c35616a070d087ad1d951066e21eee,667
Controller/Adminhtml/Rma/Close.php,c2436b40be9e1e2c9fbe7b643c0deab3a9945aa2d4cbeb48d83461491d7c6939,2037
Controller/Adminhtml/Rma/CreateLabel.php,4fda90c59140746e4c9ee9c2fe7d4ec0ce003b24a137bfa2fd88e0a57c894f1a,1335
Controller/Adminhtml/Rma/Delete.php,78a523cf81245dcde39ac2730deca3be99342b2fe7f306090204a06f3f1c5130,365
Controller/Adminhtml/Rma/Edit.php,12532d4fa6e9a589458f989efc7d40a6bd34f31d7c1b0e411ee78c8cf8ea6f59,986
Controller/Adminhtml/Rma/GetShippingItemsGrid.php,48222b38964fec655e5fd0190269c1704fc954bc49d13f7505f6fc5db3992ab2,834
Controller/Adminhtml/Rma/Index.php,aebe23bc0aa43a39d308c11585a4b34c922d18e5249a4fb0348bb6f191f4d88d,512
Controller/Adminhtml/Rma/Item/Attribute.php,8987d244befe1b17076232519117b3a3f6a1cdae075411a526b30d38121d58cf,2703
Controller/Adminhtml/Rma/Item/Attribute/Delete.php,596ea334f5a32e154c250675f3714ced7611d62f597540c532141bbcc6345bb7,1779
Controller/Adminhtml/Rma/Item/Attribute/Edit.php,38d03b15eaaf1aefd3dee7bfab9b699c6dad548e0c44d2b7298db3468e3512a7,2067
Controller/Adminhtml/Rma/Item/Attribute/Index.php,3f086e0431df8dc3f59cac0bebb2ad9231fed9a25c2868b9828efccdb2a1e62b,636
Controller/Adminhtml/Rma/Item/Attribute/NewAction.php,3c77363f2f01232eadae1216fc22396be0f655f4eba3b1549f8cbeeac8637a50,454
Controller/Adminhtml/Rma/Item/Attribute/Save.php,7d8d0241442c7a603839033f5eba047be36e6fa66e44df909e1718171bf40005,7851
Controller/Adminhtml/Rma/Item/Attribute/Validate.php,f1ced3eb7d352d49ae710606ea76d88b12d45c0be3263202060c1877e6f79292,3119
Controller/Adminhtml/Rma/LoadAttributes.php,ddec4ccc8c41f9e533560f308629f4ba0a2984532cf4ec49c17944e34696674e,2167
Controller/Adminhtml/Rma/LoadNewAttributes.php,c38d9cf079f0693caa0491253271cc699d4a487ea7289d426c6ecbf5edde7db2,1457
Controller/Adminhtml/Rma/LoadSplitLine.php,18f445e95866bc1b6f6d1d0be2d184efd40931476fb226054c27b9f1cf52f23f,2289
Controller/Adminhtml/Rma/NewAction.php,60f0464e55ab00d2021c4c369f4ac64ac673761f29827cb711763b48983d0f9c,1528
Controller/Adminhtml/Rma/PrintAction.php,a7f741700e3a7dd27d8739a750505db2d8f8f261a6a3bd553aced72c9d9d2ae3,1451
Controller/Adminhtml/Rma/PrintLabel.php,97a020483f89ad1c7f2f63e8a279800bd13226bf40cd3ae45e66b4d50c2bd3a2,2579
Controller/Adminhtml/Rma/PrintPackage.php,5cb2059ca073caa083677bacb59a74b5309bf3b5b8639982c98eb25742e1b333,1798
Controller/Adminhtml/Rma/Psl.php,d66261e44a789dd9426bc3e099fa3fe554d624f419d089d5a978151631e84605,4284
Controller/Adminhtml/Rma/RemoveTrack.php,00c40a28fdee4dabf2bde798b002046cd57c93d3f85e162d9777dbf4c0d082d8,1532
Controller/Adminhtml/Rma/RmaCustomer.php,2ede3ffa3562ceb572a128d11e7abf8a3f54b7ce12ed4778288af52b1266ed95,761
Controller/Adminhtml/Rma/RmaOrder.php,33f96155c3cdb108800a04ca961c10c8c850be6eb26c73aabc1b2cb0b71d47a1,684
Controller/Adminhtml/Rma/Save.php,d29dd5a65fb178158ad8dd41f5799f0a5ad568d1ce3bcea4d8a2f69ed8d4a64d,3183
Controller/Adminhtml/Rma/SaveNew.php,09a153c7eaa732648dee68c4c9860311a9359cddb8cae2cc95c3cfe1540a4a84,4046
Controller/Adminhtml/Rma/SaveShipping.php,fbc8656a506157c5353e3e2fe58f0c0eaf380db09f45e592c64d1b11912e4b7b,1594
Controller/Adminhtml/Rma/ShowBundleItems.php,54bd86e811116b000ee756c3bc154f32236039a178e5d48fb8087a30249afd4c,2108
Controller/Adminhtml/Rma/ShowShippingMethods.php,5af9ca9db73dcf9e3c8be9410e4d18a3a813a493cbbf3fee1a9a5a72b0b42a81,1771
Controller/Adminhtml/Rma/Viewfile.php,50f5a716006b212a5aecabec49e0cafce7a8ad17d12c69896f22ae73891d1663,5512
Controller/Guest.php,3f19b988a6f6ef4d163ec005ca25bf1080d5bd622eb7b2dad8b761af2c29d988,3782
Controller/Guest/AddComment.php,87b0e7daab9a601712bb1359d4d32b5b8c284f6feb36796295dfaf08e4afc66e,1957
Controller/Guest/AddLabel.php,d7d3be4786d2d67190c3ec909279fc1b59e3c285cb34924f52a297ead97c8f60,2718
Controller/Guest/Create.php,038c5faae1ed5894b5af461967827f80e2e5cf22e4eaed7ae504e7d589891489,1899
Controller/Guest/DelLabel.php,e211eee800f367ca61224ac281abbb6bf51c7987388858a2e4f49cf3c94b8a1c,2164
Controller/Guest/Returns.php,f863c031ab5efbbe6f1e74749e6b8b5a774f6a4e92ec86137ec21eb1a279db7c,900
Controller/Guest/Submit.php,c6ecd8c3392413e1b20b27aa04d924c4daaa68456ea989ce8ceac00c49112d5a,6266
Controller/Guest/View.php,7764e689a9e91f0788c69d970db09f65196e0fab1f4a457192705b86bebc23e5,991
Controller/Returns.php,d40ba5f0b1513b48ca5d076e9767436064210fffcb1507ae0b06a1f251a108ea,2925
Controller/Returns/AddComment.php,bc533991a31d585b2b4295ad013d3f525f4578cb9140f6bf07bbbea2ba60666c,1984
Controller/Returns/AddLabel.php,a8e6f0e4423290541ec29e77128b45a11600c97483806686489a8b6d24ccd9f1,2920
Controller/Returns/Create.php,a33452d3f00116f13b1a91d73dd53f7eebeefaf7c88e5cabcfe117c01333be1d,2185
Controller/Returns/DelLabel.php,0058764a626a4c7f9420b32c4a881b1fdcce0fe2b2c30cbc7c9d27dac5c9ce9c,2349
Controller/Returns/History.php,52a7067193dfbc26999befe03d436ab30b17ec90ca4f7cc4cf9ff4d20d005ab3,956
Controller/Returns/Returns.php,fd4dfbf2e320b700cf3fe9067bcf238364807e5bf945200bbbbac04e03b03497,1774
Controller/Returns/Submit.php,5b78931f7b3562c663b3bea00f6532e08a8e0898942dee4db3122a2a2c2d6783,6166
Controller/Returns/View.php,eb09a201bda537da6eda477c6a216523b17b4be8598669c41645acc29449d3e4,1180
Controller/Tracking.php,76713a9a8b9e6c0ea0429a353545277bdd0d7450b155e0fec1e93c66d79f1255,2694
Controller/Tracking/Package.php,9c5d8d4fae82059993d96cf94a9c885e091b1cb9d4a87437b28192af378841c2,1763
Controller/Tracking/PackagePrint.php,032f0e1aa305042e7cf73d85ad623cbf95b5d3ec0207087312a0ecf56038b11e,2630
Controller/Tracking/Popup.php,5410e992f0c141e2df19343884624b4cec034b12bd558becac78027c27234d6e,1247
Controller/Tracking/PrintLabel.php,39038a58a5848f98ce061accb82f0048a8f9cdcc67ccb47dafb69f92be78c33f,2679
Helper/Data.php,7a071e618bf9e02c75209c741747acaf63713a22a28339efc408dc44912a447a,23999
Helper/Eav.php,2e339165cbb1e614198b5704c1ad7ec7ee33c96606279c9b67696d0a380c0448,8266
LICENSE_EE.txt,f459a0a68660ccc9b7809f73f7c6deb22e622603754a18e866496b59db020569,30634
Model/Attribute.php,d66934603e881c182675d6a22224df4bdf5e1c2af5be868b1ac6009365268f52,4300
Model/CommentRepository.php,085afd9bca19d105e85db6e2762ce18531f2969ce3ec71e1c8e2058815dadc77,2998
Model/Config.php,1fcb2ab10b2533c0781977851dc2150fa5fc0f74d49234bffa37a121773cf227,8498
Model/Grid.php,ee56cae21ee6fe6d335591c47553b5cc0d22eb10bf24f2eaf96a9453bfac8bbf,1988
Model/Item.php,f2d5f76e045bf262374589870d9a608805b6dab948ff7e6cdc1da4215a0f4b0c,15341
Model/Item/Attribute.php,9183643b4fd897cac112ff5a5a88368bfe93a2a92196862d08f4b50bb3c913d9,959
Model/Item/Attribute/Source/Status.php,62e9bf9a254f303c93cc718f71eaa2d197b9a20acaba1134072a8886a0c7e65d,1255
Model/Item/Form.php,72d0299a5523f3cd03c50e7d13e8e938898c461e309f546a3c8809b0bb1f8331,3450
Model/Item/Status.php,a60e501526e919b4d5f75839ce429db681e70f647fbd11601700ff2cbae441c3,8363
Model/Pdf/Rma.php,83241b78f275b0ea853e6c3f939fcb7d9264121d2e8282364a1d35f8b2fb65e5,14049
Model/Product/Source.php,91ba33f57d4bd177a7d9de04d7a162eb665b5e35fb51bc0bfd327d13a91fcec5,1087
Model/ResourceModel/Grid.php,ff894f9120429959f9d295a3e91d7aa14e31788f62f78b996cefb61140f35e4d,622
Model/ResourceModel/Grid/Collection.php,14484ae61feee401c720e170e8683f8e49914e467265e10ec3642a4608bf8ae6,570
Model/ResourceModel/Item.php,0a228f03aabacdcd055f6fd93c89f5746489aba9a79fdf35c3b5979431680d44,14166
Model/ResourceModel/Item/Attribute.php,f7c4b3077f505e2afc6ff089b0e2a659a858e036478efcc0df2625186fc428d9,1009
Model/ResourceModel/Item/Attribute/Collection.php,c9902ba504844253e476b70498aac41ef5f8fd35b1f0d9813eb86ca6ce3a0a1d,902
Model/ResourceModel/Item/Collection.php,acecf4b8d335324d7edfa2ed5ae234a44558c3026e2c786565acd0781e0c447e,803
Model/ResourceModel/Item/Form/Attribute.php,d0400bfcba3b9e84a723831a70c00ef8e7173bd2c476449c04918c9b95e719c7,565
Model/ResourceModel/Item/Form/Attribute/Collection.php,3b557388c1599f6385f6c58c63741e22d662731451bf2348d83e2f5105674f0d,1275
Model/ResourceModel/Order/Item/Collection.php,9da3a3ef88168bd35ce810bf008600a614e17d7112a7b7d79f3e665a2acda9b9,2922
Model/ResourceModel/Rma.php,4183674f494830eff0442e350fc105103fdc2300c067d6872d008338e9af8c7d,6702
Model/ResourceModel/Rma/Collection.php,12f73be9cc2f4089327bcee88ea3c6b7ff06f2aab1d7c2d8e6a13d1a655a7a19,671
Model/ResourceModel/Rma/Grid/Collection.php,a7eef2c5f33547b7e2b42eb99fce80dfc373ea0a46c387664a5a2b1c107c1c69,1847
Model/ResourceModel/Rma/Status/History.php,826b38dade0f16269176a7c93f88c9a9e8f2b9b3c8d1aff13243baa80c999b4e,1552
Model/ResourceModel/Rma/Status/History/Collection.php,519f32218d9f586f0c497c6740aa681675e1deb3bc94a2917eacad2a9a148ef6,788
Model/ResourceModel/Setup/PropertyMapper.php,81fd4c41d2ed30f5d5a85ae79bbadfb6527d32cabef28100e2c08246c0e8e2a7,1130
Model/ResourceModel/Shipping.php,387a28bc28c425f98245004222bdfc385e458d909059888ab40b4b128b9b629e,1808
Model/ResourceModel/Shipping/Collection.php,a1bb6eea756bde3b71f5c02e5638e2c50a5d344727dd14e78e98317d64856e35,718
Model/Rma.php,d5134ed177125acf82be7619203b511a98b9afb0205e7481439f180e4d1e3fa0,48685
Model/Rma/CanReturn.php,7cd64ded33b15f1056941b87c4e419f952baf6b5e76be4ec5106dc10016ee7db,1834
Model/Rma/Create.php,ee6ac17ff6d8d01f08741767589dd1e1f13f73d1982b82b699cdf68427cc0f13,2785
Model/Rma/EntityAttributesLoader.php,263d8b2e015ce22fc3dcf81b60143f92e4843a296517dc4cf375e4acd8940cfc,2840
Model/Rma/PermissionChecker.php,4051a52466f9d6c7883ac3e15d857d26150e49ce71dad84377ae9f4ce8c6c1e0,1712
Model/Rma/Plugin/Authorization.php,e71118273b0ae559af73fb09494d494eb1aa7ef96211a4bdb69a899e5bc86c57,1478
Model/Rma/RmaDataMapper.php,93b5d01dd0dee0cbc259e68b647aa66804f9c1c0ea6759b32522ac5e9b4d9be2,4081
Model/Rma/Source/AbstractSource.php,bd423744111df8f8f2c527471daaef6f5545de65add1474d83bf40268ec71af9,1503
Model/Rma/Source/Status.php,08d36f42eed65a3e1e38e056abbd924c6238a62612c7624aae33bb63d1b44941,8155
Model/Rma/Status/History.php,c67ff063653f6b6ef3ba0196d9e3aebdca4a9b9b389b084f34b602e96f689122,21044
Model/Rma/Status/HistoryRepository.php,46ebe77c1d7f7811466c4f8c779b8abbf3ee3dc19e26006249fd209ef7a4b941,4127
Model/RmaRepository.php,3b1cdc4aa30691b17af5f008a215bb0096b4f45bfd923b4e85807f9e17344786,5596
Model/Service/CommentManagement.php,5162e9b106c1593ff07e9aeb194eefcf74fd95b61a2a0e8bd4c0a71c0c7f68aa,3592
Model/Service/RmaAttributesManagement.php,a2df6d964baf34eefbe19b29515e921415c32bf124389b1d3a6d5739c98640c1,5135
Model/Service/RmaManagement.php,08a96d0ef46496d3ea2b95e58deb49867c7b8e45efa74e8405e52106d6b91b31,3026
Model/Service/TrackManagement.php,52c1a863dd3aed623b5254e4a4f68c10d65df966783d3869d7dd0251cde0659d,4646
Model/Shipping.php,f9935cce5f132e95e8c4f8d7ab0c9eb3b1a87151af99d026b5f936d5aa29dc6d,15477
Model/Shipping/Info.php,c75aae429e44c1012597eeb9fca97fcac040d25b5bd36d6eb06b0412b7a853f3,4280
Model/Shipping/LabelService.php,f843cff19ffc030efcf5b18974d2beb920bdca5d86909d36b23232da5f4c24c8,10026
Model/Spi/CommentResourceInterface.php,d6de5b8faaa080cc85089b3d2d554cbc704672dbd02ecb5a4d4ee6f98141cb80,960
Model/Spi/RmaResourceInterface.php,aed0de5f3547b4fceeeaa2bb790a11def0f1084ca9bc3abc892688a7f184cf44,952
Model/Spi/TrackResourceInterface.php,28c920b05ee7ade68a9a2d5b2a43b9e4e8e36c522e9fb4db1cb28ee8258cbcbb,955
Model/TrackRepository.php,1dc741c433d36b9c812a2ca1a4d4e5b40646e14a30a080bdcf49dd1ca70f073f,2907
Observer/AddRmaOptionObserver.php,8bb8d465cfa329afdc4d3bd42c27093cd37ad73a095fea1125820a4919ea8da5,1370
Plugin/Catalog/Controller/Adminhtml/Product/Initialization/HelperPlugin.php,e39499c4ddc4e4cc658bece7ab28130508b80fdb2dd769639cd0229e1d4940d4,1254
README.md,8816ad719d42e9b525ec8e55d668b3ac3392602c76ad24a95e56466fe3c10eb8,70
Setup/Patch/Data/AddReturnableAttributeToGroup.php,e2e60f3687968c58ebaf7efbcc6ef865a06324cafa68a6f70e14551dbfeb7731,1672
Setup/Patch/Data/AddRmaAttributes.php,128e28cd5eed497d4e0ce1ed4d67bcc24570cd9c0cc258ffc955b96649babf32,8819
Setup/Patch/Data/ConvertRmaItemSerializedData.php,aab53f388f2121671cb67ef916d61343a8c2517b57f67dd392df929203d8a0a7,2092
Setup/Patch/Data/ConvertSerializedToJson.php,5968a0acec01a9b843102b568d476ea3a0b1ef72d030706b23f214eae8a0ec3b,2647
Setup/Patch/Data/UpdateRmaEntityTypes.php,e9f7fa6f6046a92ffdd74498d9648aadaeb032a2add07aaa0e64d6e59a5fdbc3,2322
Setup/Patch/Data/WishlistDataCleanUp.php,5222f48913b7413418b7fa467e5bcd4f1b67f5e415bbd6ee6a933ef40f3dea3b,4398
Setup/RmaSetup.php,e3bd63aedcf0504287d47a7091925aa9389a3d5092765e6b1e083c57e1438c12,7122
Setup/SerializedDataConverter.php,b3f0a2c238c5804d4449b641ce242e45c87acd6f218ea8d21beee6c0aca63ed3,1401
Test/Mftf/ActionGroup/AdminAddRmaTrackingInformationActionGroup.xml,6e7f712fe715c64546840157941fd7541fab288d9c59e91ffd7247d0a12e675d,1059
Test/Mftf/ActionGroup/AdminDeleteRmaTrackingNumberActionGroup.xml,1c7ec377e52221de80b93d486966490ea03d28563997ce06366c3e7946e247b0,1030
Test/Mftf/ActionGroup/AdminEditCustomerReturnsActionGroup.xml,dbf10ae0b303ef2051a8481856290ad53e40cc59db7dd4ea31497b86ef9b83aa,667
Test/Mftf/ActionGroup/AdminVerifyCustomerReturnsActionGroup.xml,8923999008aef3dedfb2313508f7d0fb8aeb143f68e3d1efffab432836207823,611
Test/Mftf/ActionGroup/ReturnActionGroup/AddReturnItemActionGroup.xml,b8903951cd09fece43dc3f2ebc486ebf3d1b9a39998d889af8d33c75ae8979ee,1012
Test/Mftf/ActionGroup/ReturnActionGroup/AdminCheckReturnItemFieldsActionGroup.xml,300e02db06bab35a7b7a3e5dab321b4919bc3081a81c27f44753b11c1f3f6bb7,1469
Test/Mftf/ActionGroup/ReturnActionGroup/AdminClickSubmitReturnsButtonActionGroup.xml,0696bd58fd65ce6c4bef40b76bbc3fa909b486c074f6f0c7974d6b907ae82c74,823
Test/Mftf/ActionGroup/ReturnActionGroup/AdminCreateReturnsForGuestActionGroup.xml,4210801769e710fc8c797bf87140e75879cc9fcef2c2a3059032a55e1441ac2f,634
Test/Mftf/ActionGroup/ReturnActionGroup/AdminFillReturnItemFieldsActionGroup.xml,38674ee42194d3437f0f13edc09b185435b8920066b2016d9b5b46acfaf1bf4a,1315
Test/Mftf/ActionGroup/ReturnActionGroup/AdminGoToReturnPageActionGroup.xml,cd56b1296ee0c85f8db911bff2047b495ef23bdf32e962b9824c01a3476d15a7,541
Test/Mftf/ActionGroup/ReturnActionGroup/AdminReturnClickSaveButtonActionGroup.xml,0a58b13c9b5ffadbd092c3680756898a02bd9421c4234f693eda41564f2723b3,807
Test/Mftf/ActionGroup/ReturnActionGroup/CheckReturnItemRequiredFieldsActionGroup.xml,1764847924a9217ff92d3158ed24428d22a6ef16952ec48bdb65eef2fb166150,1308
Test/Mftf/ActionGroup/ReturnActionGroup/CreateReturnsActionGroup.xml,912016f2037d89b41824f4a00783417f66cbbfab6ef5ba51bc99134a45e4165c,946
Test/Mftf/ActionGroup/ReturnActionGroup/FilterReturnsByOrderActionGroup.xml,9800ceaddc37d4411190b54dcdcf87b3b35e5091448bd4d264af30b44b1aa9f3,1219
Test/Mftf/ActionGroup/ReturnActionGroup/GoToReturnItemsTabActionGroup.xml,5173ce0ca81cadd4432ba88a9c284c26878c2eeefb7b50693bb6ea00d32e12d2,484
Test/Mftf/ActionGroup/ReturnActionGroup/ProcessingReturnItemActionGroup.xml,15c557c4e00fc50a9f031cf589621064c099f4134e9a3dba7e039cf44705a822,1107
Test/Mftf/ActionGroup/ReturnActionGroup/SetAdminReturnAttributesConditionConfigActionGroup.xml,f05b2eac767dd5227c4a84a8cbf74a70869f73d4d6f63f004a2d5ab6719a0318,1668
Test/Mftf/ActionGroup/ReturnActionGroup/SubmitReturnItemActionGroup.xml,704708cacce788ca95c092ab8f10354cd07b0315791d39a36889c23a44e54057,1327
Test/Mftf/ActionGroup/ReturnActionGroup/VerifyReturnItemActionGroup.xml,e5b7a194c5adbc42ad803e78271c41522e0afad0a2a7df6ca77dc77d5489f117,785
Test/Mftf/ActionGroup/ReturnActionGroup/VerifyReturnProcessedAndClosedActionGroup.xml,9497059bf6bec97d2646ddf80b8c1a0891fb4ec642ec8ecab7f37e474cb1be08,1931
Test/Mftf/ActionGroup/ReturnAttributeActionGroup/CreateNewReturnAttributeActionGroup.xml,88cafe158ae0d1ea3f3baa08501dab483ebb8cae4ee4039719fdbccf241a6aa7,2581
Test/Mftf/ActionGroup/ReturnAttributeActionGroup/DeleteReturnAttributeActionGroup.xml,004fb5f2bf23f0b1b964a77e68ae8c0c9779bc8a2e5462c0ba8ca164853faa99,1655
Test/Mftf/ActionGroup/ReturnAttributeActionGroup/VerifyDropdownReturnAttributeOnStorefrontActionGroup.xml,0a5cbdd490bf57f14455fc707499fc3708c8aeda3812bd1aeb6fdf5c20c1bcaf,1030
Test/Mftf/ActionGroup/StorefrontCustomerReturnActionGroup/StorefrontFillReturnItemActionGroup.xml,51c2dd26ef02219a0f1cea056808bdb6d14b59e8cee16aed7cd10dd42b8a4113,1366
Test/Mftf/ActionGroup/StorefrontCustomerReturnActionGroup/StorefrontVerifyReturnItemInformationActionGroup.xml,5151c8c813f04b30f12caa9a04620a023a6417d2bfdad4425363970756bb809e,1954
Test/Mftf/ActionGroup/StorefrontGuestReturnActionGroup.xml,acc7597d8275672618b5e0fd3cd4fe59fb8ed32fe2014d13c8bee1eb919d189c,1093
Test/Mftf/Data/AdminMenuData.xml,3d2ce30c7376a6f289035f39b1722f2eb86f666db792376ef70e22cad9e0fea7,789
Test/Mftf/Data/ReturnAttributeData.xml,6122d0a400e982d645be9872cfba070503d6a799ffa54f868dfa3c107f13e39d,1350
Test/Mftf/Data/ReturnData.xml,78b4b9b596bbd3f08d9d03d20701b92de7763d54a458de05c902287e0f0ccbc8,1675
Test/Mftf/Data/RmaSettingsData.xml,048d937e2a504a4f025186aed91112fd456d5aab464dec80900386da34417165,4104
Test/Mftf/Data/RmaSetupData.xml,1c3d8fe864daa6e52ed6b28b5d5db07511e95b7e84be82a382c2f6b963dd2486,849
Test/Mftf/LICENSE_EE.txt,f459a0a68660ccc9b7809f73f7c6deb22e622603754a18e866496b59db020569,30634
Test/Mftf/Metadata/ReturnAttributeMeta.xml,0a9662752371108b87542bd10a8187de578466a80e9983482afc7a5c544a2dcd,1094
Test/Mftf/Metadata/RmaSettingsMeta.xml,1c294a064bba66cf03599a38e0fc5939ca687c3d0b8042c73e54c3bc722b4077,2353
Test/Mftf/Metadata/RmaSetupMeta.xml,75d1187c450fbe3d47f053bd0f6e23b11a3bd22592fcf008ae2727231542fe4f,1250
Test/Mftf/Page/AdminOrderDetailsPage.xml,343a8b83d60e3d3ce19f41bb18b5e61765fdb1db46e082b38b8d2f082c31210d,479
Test/Mftf/Page/AdminReturnAttributePage/AdminAddNewReturnAttributePage.xml,ecc3ec28008accb5f34c05a6b6b6e223d84bc4a005d59efa5326d76515dcfdcb,557
Test/Mftf/Page/AdminReturnAttributePage/AdminReturnAttributePage.xml,a713b32a046ce6d21753811014c2df2ac5371c9a8aa4b1baa5e92beda42808cc,477
Test/Mftf/Page/AdminReturnAttributesPage.xml,0f5583b7eebc129d1ed56d57555c04ecb89610ca73c7b08487a840bebe09298a,485
Test/Mftf/Page/AdminReturnChooseOrderPage.xml,eccf63fce9222372cc15dbf1b74b9dcef0696c0da194cdbc3c463d4f5a72ab2c,488
Test/Mftf/Page/AdminReturnEditPage.xml,951028682c146408547d92857b25c2fc5885f9bd10e5f955659d5501cc05cfc7,812
Test/Mftf/Page/AdminReturnIndexPage.xml,b12382bb491d4e9294b11815d89581316bd419a0a4cd1ba4e59c0bbd77a05a1b,504
Test/Mftf/Page/AdminReturnNewPage.xml,1e3b2f80884b868d6298e750cdaaf6d888ff12124c88371e69ea7eb2f2569582,813
Test/Mftf/Page/AdminReturnsPage.xml,5fa485cdb61017cc664b715a29e313d74b23a7c58f2641af07087bed4e90b9de,461
Test/Mftf/Page/StorefrontCustomerReturnPage.xml,8eff1ddce8da68100c01c45377129399b3cba0235cbb6b056d379a83a5e85056,598
Test/Mftf/Page/StorefrontGuestCreateReturnPage.xml,88c6546f5396da88fee13999bba8f9b1baf5120ed0483c3e1dcfef8421910576,532
Test/Mftf/Page/StorefrontGuestReturnGridPage.xml,95d0f1e96879c700cbffbc4ea8c8ce00b183c6ea753245c1aace2bb88defe749,529
Test/Mftf/Page/StorefrontHomePage.xml,0e458a3b6e30f1105afba29d2178ceb26b737050fcd332a7be4faab3a2137801,449
Test/Mftf/README.md,1822c23a463476b7b531492415f31a8992e41f5076dc2a3fa37d13e8f123c494,79
Test/Mftf/Section/AdminCreditMemoTotalSection.xml,3e78f0ba9b947138f4bbe4b48867fa9ec7dd1479d9dd6eebc8b77f266d691672,508
Test/Mftf/Section/AdminCustomerReturnsSection.xml,9e510c18c5f45251ff87ccda2bed592b2de24310557f25446fd1ee089932297f,695
Test/Mftf/Section/AdminEditReturnMainActionsSection.xml,330fe6acfbb1389b4cb010f275576dd27809490be57a6c170c6dbb4d2a928c12,905
Test/Mftf/Section/AdminEditReturnOrderInformationSection.xml,4c00706d4901c218122b6e8c1c09838747b53c48ad089ad3e0d1a5ba02afdb66,1221
Test/Mftf/Section/AdminNewReturnMainActionsSection.xml,36e44ccd48b58e897c96e5a2ca557ebc11cd995f6d6029fcfaf2c624fcfb5bfe,557
Test/Mftf/Section/AdminNewReturnOrderInformationSection.xml,d48c0fa0886a96d120e834bcfcdbf65896d15bf20a406961f172e8af3c2a3409,1673
Test/Mftf/Section/AdminOrderDetailsMainActionsSection.xml,4e37bc382d4aa61017504bec7609d74e6fa4fe782ef2aa4434754a48c6aa73f0,617
Test/Mftf/Section/AdminOrderReturnsTabSection.xml,eee26da93bea6b6e49d9bfc2fb27c00134e548fc72329f9ee311bb2a2e591d46,902
Test/Mftf/Section/AdminReturnAddressInformationSection.xml,ec7b2dc8e964c80fe71b3c343b2919dcbae0b094cb5a254a1d7b115ae27efccd,705
Test/Mftf/Section/AdminReturnAttributeSection/AdminReturnAttributeOptionSection.xml,d3c2bc60b9d48c6ed50e7ac4f10cbfd83199c178bd8c514a58644adabea94666,967
Test/Mftf/Section/AdminReturnAttributeSection/AdminReturnAttributePropertiesSection.xml,92a0d777597c02349f94f0c0c678738cb4d946f4dbb0d26f2048c4d62e5dcbf8,1422
Test/Mftf/Section/AdminReturnAttributeSection/AdminReturnAttributeSection.xml,2532f76d2a56b06f04b26a2039e52103774cbe8ba237cc14d86da59231dba064,1256
Test/Mftf/Section/AdminReturnAttributesPageSection/AdminReturnAttrItemConditionSection.xml,4e200217220b67cd5e13050f52c72e7fd99029df01cd80737b0603bdd733bce7,606
Test/Mftf/Section/AdminReturnAttributesPageSection/AdminReturnAttributesPageSection.xml,1eae93274daafc1ae695bee24004a63ac7f0315cd6c0fd73625c893f54426975,510
Test/Mftf/Section/AdminReturnGridFilterSection.xml,8710d6218f432ebcccdaeb5eafa867155134776a0d2002318e8dab3ab784c885,893
Test/Mftf/Section/AdminReturnGridSection.xml,edd36871c419ccd9529bc739c051f09481512e5d5baf2f1372537581cf68d2d3,969
Test/Mftf/Section/AdminReturnInformationSection.xml,a9bba343a0bf40b89e0e6e64b68431471447ae5491f31c1af273e73593e3249e,599
Test/Mftf/Section/AdminReturnItemsSection/AdminReturnItemsSection.xml,385d263db522c2f2fdc50a3cc2ed4616602a98923b6f413904f8358858c52546,4463
Test/Mftf/Section/AdminReturnItemsSection/AdminReturnPopUpDialogSection.xml,f2d4d3fc20c63cc3736eb1ff7fbf0984824af6da1a1b16f145aaaa8be85de732,846
Test/Mftf/Section/AdminReturnItemsTabSection.xml,de4ef57b9bb33003413bd6dc90bf37ccffca5e324d9132cef7b45f16f3d5369f,2306
Test/Mftf/Section/AdminReturnShippingMethodSection.xml,3326414853bf64d9285536262db62e33682477295b0f6ae7a6314df9f6465a2c,812
Test/Mftf/Section/AdminReturnTotalsSection.xml,e553230af0db445b9a0becacb0ea8039d0ac12c72ed9550eac96d4920e2fc13b,666
Test/Mftf/Section/AdminShippingMethodsRMASection.xml,5fff2100475d26a42f78586e0b4d653a7abaadacf28083320ef6873098e160ef,774
Test/Mftf/Section/StorefrontCustomerOrderViewSection.xml,0fe3ef8971d434624cee49ba0a135f230a46040f9dbb403d3bae0ba84ade6316,469
Test/Mftf/Section/StorefrontCustomerReturnSection.xml,a0a43fcb9ce8975a6fd3b95741c4d677fb37fd06080a2cb489a89bf0bd9da77c,2193
Test/Mftf/Section/StorefrontCustomerReturnViewSection.xml,eb2440e60205e04aae60ddc13a30ae204d667ce949c71ba3cba11138a14192ab,1028
Test/Mftf/Section/StorefrontFooterSection.xml,0509f5977d7ef2a6cfe5dd69a2e5800e3a89a624b129053c830c5c11b37790f4,491
Test/Mftf/Section/StorefrontGuestCreateReturnSection.xml,a4e99a5fdf754485e113f49cf59a967acfc9a10e70c1cb0076b8eac210f04813,1836
Test/Mftf/Section/StorefrontGuestOrderViewSection.xml,cfbd862cc8d9509b86720ee73fb081688f8379d01ff46b87df6fe906bf71f7ed,458
Test/Mftf/Section/StorefrontGuestReturnGridSection.xml,b717411b41023a10413835391adf74c24ff444bbdb7f91be7aac7bb869565815,603
Test/Mftf/Test/AddYesNoReturnAttributeToTheDefaultEAVFormTest.xml,0bed1b630d28c625b9f120f68ee85cb6bbeeb48a7ce95ddd33c2d6d475f32284,8064
Test/Mftf/Test/AdminCheckInputFieldsDisabledAfterAppConfigDumpTest.xml,57ef7387a9a793e137ff2faa198618cb39b7aae9b6eab77d4535cf2d7c8df0e3,2111
Test/Mftf/Test/AdminConcurrentRMAsTest.xml,3e986615d7ccee9abf43fefb2053b554c9a0f254b23c6955292e55ab1c53cae6,13119
Test/Mftf/Test/AdminRMACheckTheTrackingNumberConfirmationPopupTest.xml,bae021bc07854f5058a79a774734b9e6a44cdcd583534371b5f99100edcc53fa,3102
Test/Mftf/Test/AdminReturnProductsUsingReturnMerchandiseAuthorizationTest.xml,70376034894d573356fc97f0d4ae9af63911dbb547a9d2bbacf7078c1fbb1ba5,17295
Test/Mftf/Test/AdminSalesReturnsNavigateMenuTest.xml,67f036cafa1d012ba5f965867fda4b821c794b0c716f7735884145babd214698,1495
Test/Mftf/Test/AdminStoresReturnsNavigateMenuTest.xml,3ee0b15132e5449e01a00d2ba48f19140ae151960bbaa44cfe5c4c4c5f28301c,1522
Test/Mftf/Test/CheckCustomerReturnPageTest.xml,f1805dcb8c7084a5d31e13b50a810361f7c54948b18fe2bdd33e5357eeeef634,6281
Test/Mftf/Test/CheckNewReturnWithCustomAttributeTest.xml,2b8098213f65092b3e8a7d902fa22acbee32e108c08ee02284b7f1f69e39dec2,6056
Test/Mftf/Test/CheckRemainingQuantityTest.xml,c9bde9b91f50fcd3ca6f9afb6642dbcefc1a548dab826b51fe27497b8feaa3b0,7818
Test/Mftf/Test/CheckingRMAPrintTest.xml,22a84477da2667db7f73cd6957053dc7fd61b3303fb7ff86d32e976ff2103654,10680
Test/Mftf/Test/CheckingReturnReasonReturnItemsGridTest.xml,f3af73c1d1d312b027189531a852094a05b80d3da39aee5f75da94360f68e919,8330
Test/Mftf/Test/EndToEndB2CAdminTest.xml,843ad92c086ab169f1137181b307e265cab6d89fd883a910ea925eab48d6ef2b,4422
Test/Mftf/Test/RequiredRMAAttributesValidationWhileCustomerSubmitsReturnTest.xml,e04b239c10893932b03b377a5d832b4c6956e8af736e2826f8c5d9db0d9879db,5493
Test/Unit/Block/Adminhtml/Order/View/Tab/HistoryPluginTest.php,c2dcb57b35fabd80fbccb2f47f3888641532338686bfa68624376ccf02cfd0a8,7513
Test/Unit/Block/Adminhtml/Order/View/Tab/RmaTest.php,43c7274ffc4c0875c4fe50595afb618ec6185dd7bf4620188a0d095d84578515,3073
Test/Unit/Block/Adminhtml/Rma/Edit/Item/Form/Element/BooleanTest.php,f04709cac0bf41a51269179f94537032cdf7d1ac15d2b5f36ca0f8c50f5a1cc2,1097
Test/Unit/Block/Adminhtml/Rma/Edit/Item/Form/Element/ImageTest.php,ed78bab760bce22e576c1fb589f93b246330bea47167065d3d96b0c02e8e7384,1671
Test/Unit/Block/Adminhtml/Rma/Edit/ItemTest.php,7a78918649c70c447f5c00309082464cb1f5a7c68ba4dd0f0af9368aa4a4c433,5580
Test/Unit/Block/Adminhtml/Rma/Edit/Tab/General/Shipping/MethodsTest.php,e0006d4f549404e577da7b03e88127e7594819f21cca1370eb093660807184ab,5854
Test/Unit/Block/Adminhtml/Rma/Edit/Tab/General/ShippingmethodTest.php,596020395448280ddcfceddace9a0526f6eea5606befaebc4f0550daa0450965,4628
Test/Unit/Block/Adminhtml/Rma/Edit/Tab/GridTest.php,080a005c82800e3a913a1624b841b602fbf4d58176a05ea8a68706432cb59807,2854
Test/Unit/Block/Adminhtml/Rma/Edit/Tab/Items/Grid/Column/Renderer/ActionTest.php,1e11971247f2927cadc3822b33cbaede83a3c4689dab221fbeded68ccf7c4a80,2093
Test/Unit/Block/Adminhtml/Rma/EditTest.php,c93943c43a48e4d7c0321c0854938470092fcaa92759ad7d0752994447581579,3495
Test/Unit/Block/Adminhtml/Rma/Item/Attribute/Edit/Tab/MainTest.php,c21f759d348f368e883cc77ccd3c7de42c750d326e7280164902d6f3a3dc175b,15243
Test/Unit/Block/Adminhtml/Rma/NewRma/Tab/Items/Order/GridTest.php,0c2dc4d178e51a2df5f02baf73995c20fc08da995e77fff0ab90855a91632cb3,1543
Test/Unit/Block/Returns/Tracking/PackageTest.php,b0e95d0c10020103a97fe6dc7c573b2dbbebf0cf8167a50c8445f6a170602cc1,2702
Test/Unit/Block/Returns/ViewTest.php,6a797de73f3b268a74ea396a27e935a87eefa6af284ae383d84ea947436082e0,1782
Test/Unit/Controller/Adminhtml/Rma/AddCommentTest.php,cb89d1d43965fb5f0d12273f589f4884b0bcb01269b0880c43a852a40b742caa,2600
Test/Unit/Controller/Adminhtml/Rma/CloseTest.php,32e511ae925ce485a2c4cb788dc08e0d51401375460066e15d58cb1d77410240,1108
Test/Unit/Controller/Adminhtml/Rma/GetShippingItemsGridTest.php,05ef0de2ebad7d3645aa42c2b0ae713b6e82b62ca27d431fe4ae03dae2a0cea6,1339
Test/Unit/Controller/Adminhtml/Rma/IndexTest.php,b722fb189cb4b2cb4f1c2243eee93ff6fb16eaa03010f6979feee5eacf7326c3,2437
Test/Unit/Controller/Adminhtml/Rma/Item/Attribute/EditTest.php,e35c382e689ed36599b5ee4b1783e65450389aad8190c73b6e5231279d2b9ead,12439
Test/Unit/Controller/Adminhtml/Rma/Item/Attribute/SaveTest.php,3ecf07139ced7a23e0826a89d57745ecc620c52a89175f3b344a2a2234554fe4,9522
Test/Unit/Controller/Adminhtml/Rma/LoadNewAttributesTest.php,a3d99c2c940c64bd32017e47866e362fa4aa755a445fda5aef18766eb660a822,8594
Test/Unit/Controller/Adminhtml/Rma/ViewfileTest.php,f41e08ffbd2b0d8793ed41c30928cac1642c165ec65e77cbe2efaea6fcac5653,8831
Test/Unit/Controller/Adminhtml/RmaTest.php,24f7c92098c16f57943ce308475bec1098e439b5dfd92fc7c18cba2d2fd047f3,8669
Test/Unit/Controller/Guest/AddCommentTest.php,bff058bcb2158381cd8479b22aefe6302bc4aaac66ccc0c968dc73dc31d8a9cf,3027
Test/Unit/Controller/GuestTest.php,742040f2ee087ac94d952c6298228c8b487deb86b312706dc9240c217ce517b2,4300
Test/Unit/Controller/Returns/AddCommentTest.php,22e117cc7ca6bb348d04a49daeeb2895df08d06b24dbc75c9db0db074234545f,4563
Test/Unit/Controller/ReturnsTest.php,906f88c0826e6c7dcba3b54a11cf1649baf6be740b007b8af3b47c2e51585904,3222
Test/Unit/Controller/Tracking/PackageTest.php,5f7bc039af518967b987f91552b6c40f5fd8e90f2e08393cd1cf9b0a18805660,4292
Test/Unit/Helper/DataTest.php,0777c8301524d79767af0519a28d9827b6da68fa4d22db7fb0c9e46e314f7fcd,13304
Test/Unit/Helper/EavTest.php,328635362bee6aba1c7ed98431396c8af874f7dbfde8655f75ba0ab65164bca8,2159
Test/Unit/Model/AttributeTest.php,539930eea42ed7a86c2fbf8e9a318d92f08115c1a85d3f230108e3519d40fa3d,7956
Test/Unit/Model/ConfigTest.php,2bd09294413f9eb22240cd87e76ddad143ecc41cab160df0b30c95d48d4b288f,7136
Test/Unit/Model/GridTest.php,884d9d1c6b34782d60d5b610c9d2bc4a6794314c3dcf56aa1842fb62c5b1b9cc,2575
Test/Unit/Model/ItemTest.php,5afa0c7657f15269c530f20debe3762ca08236bf8b95539e3c409273cd2a1946,3631
Test/Unit/Model/ResourceModel/ItemTest.php,9081728e51eabf1c87c0331ce8806947878c7e3b0e28ba1945fe1a08089e099b,17809
Test/Unit/Model/ResourceModel/RmaTest.php,9647739add87461865da6bdc6fa8803100ca6b19399cff9149758a9a8947980d,6234
Test/Unit/Model/Rma/CreateTest.php,8f454125ec2bafe5280c38b1bf7be85e39e092639bf8147582b1ea2ae9bc56a1,2644
Test/Unit/Model/Rma/RmaDataMapperTest.php,73a0376907721879f9cae40ee8a94fc85189d2d12001df2d2b318b00853ec20f,6462
Test/Unit/Model/Rma/Source/AbstractSourceTest.php,693cd3e8a5f3fbba2c1bab84b99e71d038930283d2006140bcb3aa1b2ae7f5cc,4290
Test/Unit/Model/Rma/Source/StatusTest.php,7b07b13ceb9a01cc38c1964938eba3d93b183e02744160292d518fbb33d091fa,8551
Test/Unit/Model/Rma/Status/HistoryTest.php,bc954595ac213ea31d8f3c2e6e4be5d5d6247a382ff5f747a3707d10a874f0fd,22274
Test/Unit/Model/RmaRepositoryTest.php,09001f47d8c678992503a765bef1b7ffc5d13dc8968d639598ff86167bbc8969,3207
Test/Unit/Model/Service/RmaAttributesManagementTest.php,d16f55b8ffb9877e830c29d7395454e4ab7755182d3ab92d87e4f0299f29488f,6789
Test/Unit/Model/Service/RmaManagementTest.php,416df6af34ef645c4ea634216df34f7974dc72b270ecbb2e73a096c03c3d9c1e,3210
Test/Unit/Model/Service/TrackManagementTest.php,bb42722ba9d39b6aaa440218f703da398c345e4b4865ce98d7b797851357ab2d,9403
Test/Unit/Model/Shipping/InfoTest.php,bba8b8226ceaca2315063273257c80235f54ee01dcfa87414653e96aaf9ddc3e,3959
Test/Unit/Model/Shipping/LabelServiceTest.php,8bf5bdb6ed2228c67edc094e87e949632e514754f8cf6cf16d7bbe08c37eed44,4657
Test/Unit/Model/ShippingTest.php,86b0369b71edfe9041786b358796026c94cbdd6f1bdc9a533d538102429fb860,3879
Test/Unit/Model/Status/HistoryRepositoryTest.php,5b03b07c65dd136b60c35d1f8349be415448abf5a2e8935ca086f2be1d6f0e3d,3402
Test/Unit/Observer/AddRmaOptionObserverTest.php,6d043e8808bab4c3df0ef0bc624978b3e513b2883237d0f4ef90c85f4fbba376,3431
Test/Unit/Plugin/Catalog/Controller/Adminhtml/Product/Initialization/HelperPluginTest.php,2b23e5038c262b798c567a5939eda65d31d66f19aea8bdbd487ff2394a03894c,3017
Test/Unit/Ui/DataProvider/Product/Form/Modifier/RmaTest.php,5177c6f5a0720565ff6c8daee16410c6438247b3f976b5b033c7ef2a270c5954,2694
Ui/DataProvider/Product/Form/Modifier/Rma.php,cd3fa58f72f0d5c7a03d396ed86d78263e2cea414ea77e80d1b230baa1fc0f39,4980
composer.json,7b7112bc89c53ad9a38582e064e2ae956c7766e3e8ddbc4a94960dd2dbd78dcb,1531
etc/acl.xml,8178fdaed14721ec3f2b7573e5f05a338cbb7cbbc1a8bfc228ee856ce1e8cb78,1011
etc/adminhtml/di.xml,5d14bfb3f3e9d3a98783331d6467d8a1dc9a3593048234af6dc246c73a1ecc8c,1253
etc/adminhtml/menu.xml,0350a933ee9530f0d7905ddd930bf41e56fb4fe42b853feea95f1c26b3d55dd8,790
etc/adminhtml/routes.xml,3153271050419f6775c91bf1007eb86f02eecf0eedb1f82634fa4119abd4d666,404
etc/adminhtml/system.xml,f94dccf15833b6f4dd6699b3c6cc40c87723cbee8d069ee8fd71e3a43c16bc81,13841
etc/config.xml,fc362b00c2186b2e005b01dc379407f4f5e16789025575d8a9114a2b7835d006,2017
etc/db_schema.xml,8280194a2db8fb3f77980bc0041b33893bbbe6098f2196e10daa3b1909e48b7c,27447
etc/db_schema_whitelist.json,49542b0e30c14342adbdb0a487d630e74fec56ae66dc7a2faca89bffd0585c0e,8723
etc/di.xml,f3dce8b8b49e1caa2bbcd898fbb86d637d17bbce1cddbdec4920792e9ffb6820,6001
etc/email_templates.xml,897055d4dc52ab4e13426f3b2fadd14da823749c30362a5d973e17eaca9a0694,1426
etc/events.xml,16f6243e078b8c1a84011b2172cff22fc2c6bbe385cd7ff500e0ac2d703bba6c,449
etc/frontend/page_types.xml,51c1b04957a48f10771adcbbb4362e221582dcc45ae338a606eec698a7cd7d68,1134
etc/frontend/routes.xml,41fce108d0427b1f917d1366c3da6eaff5d96f03052489a4e2776aa9f8dbf962,425
etc/module.xml,d919fb5108fca1a140e32b15880b4ea1aed1f5aedd6b1991dfc8ba005f26a871,497
etc/webapi.xml,3259b4a3e3b3d005e6f6eea323524ec87d254df2e7c2624f74381bb25bf22616,4200
i18n/en_US.csv,3f1b942c3e299b0d4db025f707f82e9cab0bf1787c30691a6f3852514be42f13,18201
registration.php,a230614b62b6a71c49cefe46893c18b70953830b53ea1261d31b21bb2760c857,242
view/adminhtml/email/customer_comment.html,8cfad3efb477b4056fd1e858d827b6db475941f59a8560de7179d0bb8ad5ecc4,592
view/adminhtml/layout/adminhtml_rma_addcomment.xml,b6c06d54161801c643cf51bd639f1f4d559cab8fcba024ce4361ce54102f5e63,494
view/adminhtml/layout/adminhtml_rma_addproductgrid.xml,83fd2acbfce6092ae8af6b4eea28ec74c55726ecc66456425ca324f356bce92f,446
view/adminhtml/layout/adminhtml_rma_addtrack.xml,ef2c4561862c3da9eb28359a300925c02a63152ae7fa3e3b5ec52276e8cf0c2c,507
view/adminhtml/layout/adminhtml_rma_chooseorder.xml,b442b0579339b38dafa443edf4b3c99cd16f955de84f4f2d498d9c27ac8c6a5e,930
view/adminhtml/layout/adminhtml_rma_edit.xml,242eb45079b9ecec092c398d5700019a0506e486b605904d276d8cdd1cca84dc,3728
view/adminhtml/layout/adminhtml_rma_getshippingitemsgrid.xml,9e4a27625d86edeaafedc761da255276d267a6e786cd005e473f44e28e6f24b0,514
view/adminhtml/layout/adminhtml_rma_index.xml,f6fc6ce1901442cc42eef7b04e6b7d294c78618f14a83a910e7ef4257118f762,469
view/adminhtml/layout/adminhtml_rma_item_attribute_edit.xml,79edde4dda2c8c862cb16b837454710b17bfd408d0a41208977134af2fdb8678,1843
view/adminhtml/layout/adminhtml_rma_item_attribute_index.xml,da982fc5f9e4ba2768b51c72fb29650519ad871db1063f307990a7bfc4f57279,499
view/adminhtml/layout/adminhtml_rma_item_attribute_new.xml,adc464d443df9928a5babd390073621228fd24b7df33d4bb27cd8fc9c75f3e46,379
view/adminhtml/layout/adminhtml_rma_loadattributes.xml,771a2e71a8aa0c4bca2196b5cce1c080de51feb055b68cabb277d594f70e18ac,433
view/adminhtml/layout/adminhtml_rma_loadnewattributes.xml,771a2e71a8aa0c4bca2196b5cce1c080de51feb055b68cabb277d594f70e18ac,433
view/adminhtml/layout/adminhtml_rma_loadsplitline.xml,c33762f0eecf128013a5f084946484603e6b59c8969383630fb0410eaa69cd2d,449
view/adminhtml/layout/adminhtml_rma_new.xml,b94e79a7340fd0ac2771fdf44b5ca8c5854c8d7b1ef1ded771ebf2a46310754d,3259
view/adminhtml/layout/adminhtml_rma_psl.xml,e67e720c726a5a5eb7cb6e3b2d32d5de51e206bec17ac8c0daf2e15fd13a3830,496
view/adminhtml/layout/adminhtml_rma_removetrack.xml,ef2c4561862c3da9eb28359a300925c02a63152ae7fa3e3b5ec52276e8cf0c2c,507
view/adminhtml/layout/adminhtml_rma_showbundleitems.xml,044715558727f718eee2be63c18cee900f50fe11e0b9b6e93d602ebeca94ef02,486
view/adminhtml/layout/adminhtml_rma_showshippingmethods.xml,41d22161da0e6eee88fb5f1a61cf1ef1f0bfa0667a61486181e202df5188e79f,518
view/adminhtml/layout/sales_order_view.xml,f1567db74165886794af504aeaca5fa83e53d57835e75847c90c46c566b695a4,1168
view/adminhtml/templates/attribute/js.phtml,cc5e02b39ac3a11bb7370f455ca9a62d4e9849cdadcb93c57d532b80adbe8bb0,6583
view/adminhtml/templates/create/form.phtml,b35909bce45644413b43ac1804a316bb45aacb88a9fa6621c69d627af2a80ba9,381
view/adminhtml/templates/create/order.phtml,bbe80943b7c25a239c0eea1f1c7920684a4c3db3ae46dc59a7f48d43e1143208,587
view/adminhtml/templates/edit/bundle/bundle.phtml,1c9d4fac84c72e674cf818cff608cf5708781058eb193dd35707107b589e827b,6079
view/adminhtml/templates/edit/bundle/js.phtml,b1628ed62ba660d52cc2098915bc36d8a50b0fba1c80c3b9441610c5445eab13,952
view/adminhtml/templates/edit/details.phtml,8f3fc0f1592920cf97af98e7e0402fca830fdd478886517ffb1239e102f8a580,510
view/adminhtml/templates/edit/general.phtml,2f960e11a3e2926f891257621c644d816a14b255fb3d170258e5844578f9fb23,1597
view/adminhtml/templates/edit/general/details.phtml,5eb9542ea48cc9988cee91dcc5b9582f3ec0759b245c3be7c0f642d0e1f45a7e,2332
view/adminhtml/templates/edit/general/history.phtml,6ecbf831c87fd3d3b9d183d34ac1adfb930d99a71104877e1fb7e4c98f2d3e0e,4857
view/adminhtml/templates/edit/general/returnadress.phtml,74967d39c249e6cdb5b8d25f4679553eb408715e0ff3920360d3c2f469d62443,597
view/adminhtml/templates/edit/general/shippingaddress.phtml,65bb5cc1f33d31dbb2582b7376a9c72d3c5a46e7c3158e282004e81fbb572070,662
view/adminhtml/templates/edit/item/renderer/fieldset.phtml,195f65cd33edcc30c7761c5766be03187d29bb1d3d4e2869ce9f33bce7819acf,1602
view/adminhtml/templates/edit/items.phtml,b88d497b39070762afc9be255055a9c8497c4cb0dff3bb2acf83416d4402d13a,677
view/adminhtml/templates/edit/js.phtml,74f14d8f023958ce8377bc6779ec8cca3cbffde64be405a027dc7baa9d969256,1833
view/adminhtml/templates/edit/mask.phtml,3cf8f9a901e7080c8717c0ebe4fa869118778d766ba1d17a0270f2f81260974d,352
view/adminhtml/templates/edit/reason.phtml,f4f0784b9541875ae15d01923af44e2c70b7a40af64237e7f07deacf64178519,288
view/adminhtml/templates/edit/shipping/grid.phtml,5c55f6bb9a89cb28afbaa78759f5a5a036089f5c29581157bfc51db02e2c7cd0,6217
view/adminhtml/templates/edit/shipping/information.phtml,893469ccc4caae4e0b8c048c1c2b728809e5ae5427e04c9d78269682c2328e06,845
view/adminhtml/templates/edit/shipping/methods.phtml,963981fd20605c9b3e0317a33c753b4055f23d5e8cced02db97e66f9d2b710ed,2913
view/adminhtml/templates/edit/shipping/popup.phtml,be7c7759e9ea84a39c978e6dda0175cffd44cbaf73280e1f7e4c0c039ba373ed,1262
view/adminhtml/templates/edit/shipping/tracking.phtml,e5b6252e6613c9a09860a3e90bbc0c8e62ba4501571cb8a15429a0009c04484e,5943
view/adminhtml/templates/edit/shippingmethod.phtml,a9564c44ca415fe5a4b803cca12b4a6ae8a061fce2b5f7b914ae5ced66688424,2347
view/adminhtml/templates/new/general.phtml,d364f8fb94811182ec75ac675525db2898963510fd65799688cf33ac18a60478,1746
view/adminhtml/templates/new/general/confirmation.phtml,7976c13848eb1e46eb40da6d59be61cfd4aaecad18bcb643e75dec3cdcb87fdb,1468
view/adminhtml/templates/new/general/details.phtml,26f408cb0cf4ccf875bdc2cbd01bbca0443bc687b370ff3bda31960a89fcc3ec,2039
view/adminhtml/templates/new/general/history.phtml,f95ea6d766d84264246679692611698a3df9ae4b7859cef0a52a078ba7ad4a1d,1608
view/adminhtml/templates/new/items.phtml,8f46fbe188ebd16459a3aba1d922ba5ae7c8b8699e42d8b1fbf86c1c7178598c,1436
view/adminhtml/templates/new/items/renderer/reason.phtml,2fcb7729fd241df30e358aafa41a83894111c2d8d79f93276e5a1545c8aa2e4d,1039
view/adminhtml/web/details-validator.js,1bc529bebef7a8d9fa86f35e2786e79047f3fecf8abcf73c1780927a68810459,1670
view/adminhtml/web/js/components/use-config-settings/single-checkbox.js,6363ecb227c2104d1897b0ff3619b379cd2b2f598b464d1a3c1eec723bd15d26,919
view/adminhtml/web/rma.js,e443f8c39e3fc6f870f16782841b3635cc1eb299f4b180e2082838990b7407e6,36935
view/adminhtml/web/validation.js,e25cb9b3c0c4469027480bb8961f7892a5cb8ff8fe2e8e842fb1c700f59f9da1,1127
view/base/ui_component/customer_form.xml,18773ff5d19c548bca56b8468598d437524722408dfcb2b3bfad27b3b627d5c6,702
view/frontend/email/auth.html,90ae16747030cdcdecdfd8578aa165cd97f898ff516a26205b99fa08d08cb7d1,2835
view/frontend/email/auth_guest.html,255f25c1c5055dd62be7290d87be0d1ec438899b4c891b3b6d46396d0ff65417,2452
view/frontend/email/comment.html,216880fdef84656edd3d846387da94b0146a165a1a1df73f9d1b57ca2bcab22e,1880
view/frontend/email/comment_guest.html,4699b2f976ad60365dd053eb95ff3c1ecacc656e70ec19c1bfd8ef026be0fbe8,1677
view/frontend/email/new.html,1249470a89b7e89c24255f6912ff9a0f4012b83171ac31216a4afe3d3752a478,2335
view/frontend/email/new_guest.html,02bf6699e27f062416af58f5fe29c4eb554fb4dbbeda1631e671131c96be5a5a,2314
view/frontend/layout/customer_account.xml,0d7e5494565188be323d26e415c5afd0d9e90730bb42ca11d9c69eec00f07b8e,759
view/frontend/layout/magento_rma_email_rma_items.xml,7c4bd0b490ac362794d31934a4db5de643a18d1b4b6fff45d5e90f9dfbe4c089,518
view/frontend/layout/magento_rma_guest_addlabel.xml,1846f524bf1984e248cb24a35a4b3b3736a1b28f558fa3512e129b258b362474,477
view/frontend/layout/magento_rma_guest_create.xml,5a20461581c87c0ed1d4e60013bb7f7c7feb96b84e20eed34c07c07935b81a44,1400
view/frontend/layout/magento_rma_guest_dellabel.xml,1846f524bf1984e248cb24a35a4b3b3736a1b28f558fa3512e129b258b362474,477
view/frontend/layout/magento_rma_guest_returns.xml,c498caefc8cbe39710df3e6e0db9893d194e44280b13a6dc49f5ae8678ebfb1a,1463
view/frontend/layout/magento_rma_guest_view.xml,a7a2b33295ea5522aeba41e53394ce7afecff45db1dbcccc3b9b654f4b3e3aa2,1473
view/frontend/layout/magento_rma_returns_addlabel.xml,1846f524bf1984e248cb24a35a4b3b3736a1b28f558fa3512e129b258b362474,477
view/frontend/layout/magento_rma_returns_create.xml,60c5869a72c526747c88deec6a15c01dfb349b58aa1542b358a941cf78f9cdec,1471
view/frontend/layout/magento_rma_returns_create_handle.xml,7c7df14647f0a09c820d8fb863c1b95225ac8593b5bc780e24071c4f68a7cb57,2062
view/frontend/layout/magento_rma_returns_dellabel.xml,1846f524bf1984e248cb24a35a4b3b3736a1b28f558fa3512e129b258b362474,477
view/frontend/layout/magento_rma_returns_history.xml,94c2d2adb436bbc2310612e67e5ac597da5cd7eb4cb80c90a9a8463297c73214,1068
view/frontend/layout/magento_rma_returns_returns.xml,7af9e27280f47f2bb6aced781800e32aa3f5c1314e9f759210cce652ae0b75e5,1417
view/frontend/layout/magento_rma_returns_view.xml,3a6c3521fc7aa9618d7ffceb4d8b4f12d40eb6c55816b852b53e17dfa7087eaa,1456
view/frontend/layout/magento_rma_returns_view_handle.xml,32de22e966203477cccb4f6b53a83b36dabd626341081674333d825c620b7ca8,986
view/frontend/layout/magento_rma_tracking_package.xml,4fd9ebcbff790896f6b2fff0131d23f6d9b47c9eb82b377ccc912b5d2361e38e,766
view/frontend/layout/magento_rma_tracking_packageprint.xml,4fd9ebcbff790896f6b2fff0131d23f6d9b47c9eb82b377ccc912b5d2361e38e,766
view/frontend/layout/magento_rma_tracking_popup.xml,7dc807dc7f1b98f5d5f50a6991efeb3871a1edf0be77d38a727e3b6e1240112d,795
view/frontend/layout/magento_rma_tracking_printlabel.xml,4fd9ebcbff790896f6b2fff0131d23f6d9b47c9eb82b377ccc912b5d2361e38e,766
view/frontend/layout/sales_guest_creditmemo.xml,4f115f1d359d0a6f77538ead06a536f0125b51851326681f14d92aea051c2701,955
view/frontend/layout/sales_guest_invoice.xml,4f115f1d359d0a6f77538ead06a536f0125b51851326681f14d92aea051c2701,955
view/frontend/layout/sales_guest_shipment.xml,4f115f1d359d0a6f77538ead06a536f0125b51851326681f14d92aea051c2701,955
view/frontend/layout/sales_guest_view.xml,4f115f1d359d0a6f77538ead06a536f0125b51851326681f14d92aea051c2701,955
view/frontend/layout/sales_order_creditmemo.xml,0d688762c1cf03e9aba8934e8a67c1c27f0729c830d2c1c88220c739ab6310b0,957
view/frontend/layout/sales_order_info_rma_links.xml,6bd491b8e329798c8ca59a28a34116b6b97c1a34433cf689da2808c39c9492cb,786
view/frontend/layout/sales_order_info_rma_links_guest.xml,cd34f1755ade4b480df8d7c75405f191826b71e7f0be90843146660647e2a5fa,784
view/frontend/layout/sales_order_invoice.xml,0d688762c1cf03e9aba8934e8a67c1c27f0729c830d2c1c88220c739ab6310b0,957
view/frontend/layout/sales_order_shipment.xml,0d688762c1cf03e9aba8934e8a67c1c27f0729c830d2c1c88220c739ab6310b0,957
view/frontend/layout/sales_order_view.xml,0d688762c1cf03e9aba8934e8a67c1c27f0729c830d2c1c88220c739ab6310b0,957
view/frontend/requirejs-config.js,1f882a0e3405d495455f48071d6ba06132ba15b18aaec78a71a396edacf80d46,386
view/frontend/templates/email/items.phtml,0ed886e74f9babb4cb3bee0336e5c7baa475210f53ac34bbb22e0159aafd6218,1968
view/frontend/templates/form/renderer/boolean.phtml,abe1a8bc2138b544dca18d4c90c8643a930573e00c006142758272958cfeb20d,1597
view/frontend/templates/form/renderer/file.phtml,4d4ad10b896e9ca55ee89f568f0cd5c91a5321b270c347dfba8a44f4596d61a0,1380
view/frontend/templates/form/renderer/image.phtml,c854bf565c0e3d75264e4376ccf13f51c056f9b53fc8c1553be5a3b7e492f7c0,1363
view/frontend/templates/form/renderer/select.phtml,473289ed3e17298a74d22a0758dd3b0e202487920c8210bb5bfbf0f6e72d687b,2033
view/frontend/templates/form/renderer/text.phtml,c07ee148148020619ae266d304c87499ab5e05171bf17d2f9ada905e2279e67f,1333
view/frontend/templates/form/renderer/textarea.phtml,97d042d152bc4693e7f0addbd2ce568c46d440f8211dd49068788ba83d7edb34,1048
view/frontend/templates/form/view/image.phtml,dcaaf7499b69c972cccd798fba73c4535fba21525246b150dd9012ab03933ef3,529
view/frontend/templates/js/components.phtml,03a82fbf4843d792845d5aa69cce8e034a19b2b13bfd6dd0fa65dcd9c929e3af,139
view/frontend/templates/order/button.phtml,507c5d912531d7a80a9f250087f96e29dc57fa11d0d79a29b7b8747dcb8b7d86,535
view/frontend/templates/return/create.phtml,2ecee1e20f625a75799e7478dc068b03aca31e00f7e285b786aa8ceda769471b,17969
view/frontend/templates/return/history.phtml,3f7f9cc4dcd3a20d36eb5010106d35240f73f16bfbcab6cda38c682f4297294a,2649
view/frontend/templates/return/popup/package.phtml,f0677e26c15b5224fbb16e4d2b3ee29a48bcf90c6a4a90d608c6d7dac1c5d5ea,6927
view/frontend/templates/return/return_status.phtml,9c2a46647b7d7ef4868dbbf3e4324b26cc5e930b67747fe9c72879f1299c0321,285
view/frontend/templates/return/returns.phtml,3ebc6c2ee9944d1b2857ea0993effe87a5ce8f1bf2e30832628cd6ae3ede0369,3159
view/frontend/templates/return/tracking.phtml,b4f884b97a5b0ba21dfa0c78f60afa513aff5a702eab1b7bfb6b8a0fb7769bbf,2240
view/frontend/templates/return/view.phtml,2792fdc3d64110d61a9a3bf1a20dd9f1aca65ad5cc5dfd5f32965064a2627334,19552
view/frontend/web/rma-create.js,ac28f42cf8612a7233d5d38055a6d0be678a006e0cdf8a1b97bd34edd7b600f7,20968
view/frontend/web/rma-track-info.js,8d2335cd83749f9acb686b282fc746a5274337ddf2b2864c597f634c007624db,3840
view/frontend/web/set-options.js,5fa937839269e387ee918e4ce31e17563eb6a9077bbc7b9cba23168f17edd5b5,433
