path,sha256,size
LICENSE.txt,6cec3dc6871d2bb4259cd61e61c2a9e87dc9010bdd6b1c0abfaacd466ccf8e5d,10365
LICENSE_AFL.txt,49d9aa4c0615ff95305681c358fa1575f54ed3a512b016f61c71d6784860dd8d,10376
Model/Adminhtml/Source/Environment.php,db534a48accb60cc43a66f3a3ee98732c730c5644e27ad21fdbd785c4b22b3a5,826
Model/Checkout/ConfigProvider.php,12702deab336f6f317eea4e6196ff9f26eea090a1408f13a7fd927c5e0d8c5f1,1131
Model/Config.php,4da4a88646779c84353c894c3795f0c8d20b8ef099a4020595be8d17ebfad03e,3058
Model/JwtManagement.php,a2ae4e021bd73fe027d5c5990eef8ab26f42d5fa648adb5bb4729ee1eea8d866,3797
Model/Request/TokenBuilder.php,27aae25968ba61b6e03fb078076b18b33f1f22799a62b764027ad7ff295d68d1,2559
Model/Response/JwtParser.php,2b9a40f8465593c28127baf4c40357cb7731355ef12213455bd741d6952518df,3034
Model/Response/JwtParserInterface.php,2f1e65a00191fb4eb13625bd2deaffcec1c7705c23a3abc25b11d0cec3926c9c,407
Model/Response/JwtPayloadValidator.php,ebb699ee949e285d5c88deb1cfbd0b6337c07682e735587e7abc3722755f2036,4544
Model/Response/JwtPayloadValidatorInterface.php,c097e4d23a718861739443142c2eb4bb9854ea1a1911a6b70420ad37d30d40f7,420
Plugin/ExcludeFilesFromMinification.php,13ac69ca6d6c3cfde75d1f516a65e8e64b2b50e94588c901f9fef47b844cbed9,760
README.md,08469e77a4d48cc6081b3cb69ab323781b122c7812b389abdb27dc7aaf2ecafb,105
Test/Unit/Model/JwtManagementTest.php,619af82966db35f7557acefeb9d9476873213fa13c3e54bb3c735e214d42764c,5208
Test/Unit/Model/Response/JwtPayloadValidatorTest.php,76c18e4924efa359fd56d9944c863ea5a064fe361ac526da5d784dce7bebf2be,5768
composer.json,c82a0bccd17aca9a4dc0238d093ce5634346e0206b0ac672672f05d1ab724cc2,721
etc/adminhtml/system.xml,3c0ff9f5fe4fd46e531212f8f89badf2b8015b18d0c620b0bdd6c1ca22ed4b3a,3335
etc/config.xml,994e9345fbb89d22c781e062b03c136f2c6646e510196b45f8a7e586920a85c8,778
etc/di.xml,6dbec8260837cf894ff313645e82899da6e9c9e5fee3d0c68d3d1d166120e8e4,779
etc/frontend/di.xml,11655abb6e8a94d22db2b52889eb6d31cfdc9131dd0b1c1c8af166889d1e8d9e,663
etc/module.xml,ccc22f22f97732ff9939b2004f902e968e079c4b067efaac744044fac08c960e,490
registration.php,16454c73b1c44619a3a889377540968436c1cc6db3a6422e9e921fe451aa912a,255
view/frontend/requirejs-config.js,d6123d528c38af2104254521ce7ccb5d6137e289dbef36ec204dd1e53473cb8a,459
view/frontend/web/js/cardinal-client.js,c18388374449c88d41ffd30a49e1d8ab83fa35c7704090a1826b3c1964f70923,4669
view/frontend/web/js/cardinal-factory.js,27817d2dcab1ba4ef14e41ba451d0a41dfe4aadafa0453446b637166f4285a33,592
